,1,2,3,4,5,6,7,8,9,10,11,12,13,14,15,16,17,18,19,20,21,22,23,24,25,26,27,28,29,30,31,32,33,34,35,36,37,38,39,40,41,42,43,44,45,46,47,48,49,50,51,52,53,54,55,56,57,58,59,60,61,62,63,64,65,66,67,68,69,70,71,72
1,1.0,0.6549836795655686,0.7042726087692324,0.8237142717505096,0.7703612944438938,0.799166639078272,0.7515734328637091,0.7702164380111036,0.42808505916558137,0.3434772657445311,0.3854745178070661,0.27221577284330845,0.2745767397925163,0.34877922945280626,0.36145323860047596,0.22206006215385998,0.31841282235789925,0.15505750147409916,0.0902976040018042,0.16683584066127366,0.0963213017650862,0.042183540570427884,0.03058430061958389,0.04812836115224361,0.01848952120131148,0.018524699612132243,0.013400020184163785,0.009326015986989202,0.014323642690860474,0.0021017128674946295,0.0013284233949143864,0.00273426480309515,0.0019106626650926405,0.0006003333491969591,0.0006439361586502495,0.00019683348692650567,0.0001299508426136698,6.658590458529422e-05,5.596620416367361e-06,4.222959997306953e-06,1.2524427794288336e-05,2.592536588527718e-06,5.410442983727921e-07,3.213458564207912e-07,5.916999405751698e-07,4.4124605652453833e-07,6.617345192619519e-08,4.980940733830548e-09,2.4335343374329255e-09,3.8901781770654096e-10,6.8180249983284276e-09,2.2916953454374829e-10,1.2874292931074253e-09,2.636394946220354e-10,1.4637458247750526e-10,7.476502425954568e-10,2.210769839106154e-11,2.7412647435610923e-12,1.941980712693162e-11,4.384782259084565e-12,4.850437899376381e-13,4.4272714198265e-13,5.3523673610051095e-14,1.4197708771422043e-14,4.2145884965109033e-16,8.61272815459225e-17,2.4617513970415017e-16,1.491195904448487e-17,2.279348382877742e-19,5.790740956387729e-18,2.6149220935800906e-20,8.810996916801972e-20
2,0.6549836795655686,1.0,0.9439362340326525,0.8188996427590824,0.8681273088355017,0.8371310634005815,0.887095744688149,0.8609423081800505,0.7419782912357153,0.6288689760716311,0.6871321260126694,0.5270932126564134,0.531762211234557,0.6405321967202267,0.6604075581168376,0.4537161738004011,0.6021404176557761,0.3430951701398516,0.22178681126425737,0.366652603507591,0.23536273950858377,0.11989797678648065,0.0917903815155317,0.1346097603437455,0.060506064857321025,0.06091022607529939,0.046224347312628415,0.03408057537757366,0.04949539510209295,0.009452964602634782,0.006292730405519385,0.01195453229122003,0.008758182566230394,0.003187655075411426,0.003433381775174252,0.0012022968323486323,0.0008341528875545585,0.0004591623474846121,4.894490027038016e-05,3.8080072557234236e-05,0.00010403238005393691,2.460833888241406e-05,5.90303421836268e-06,3.7063257268098413e-06,6.503259016611599e-06,4.997159042892633e-06,8.760350346041e-07,7.967908008139778e-08,4.12693504274466e-08,7.4226798199539e-09,1.0799670605736107e-07,4.571848830099978e-09,2.3035683298817888e-08,5.268433469559996e-09,3.0708288393827165e-09,1.4330642461431494e-08,5.256331623865412e-10,7.457517792784409e-11,4.765200740430002e-10,1.1778990629880007e-10,1.4738500530607407e-11,1.3675980520284745e-11,1.8476230707132685e-12,5.367686618571364e-13,1.897084330891289e-14,4.197624098408127e-15,1.1346416546377933e-14,7.95118780239927e-16,1.450383838563843e-17,3.238159239680134e-16,1.8361207331624963e-18,5.846971360897694e-18
3,0.7042726087692324,0.9439362340326525,1.0,0.8733157584992867,0.9242192265545485,0.8929181382632563,0.9435603637119861,0.9180654791315235,0.6857343233556026,0.5754580522164362,0.6319066903705254,0.47734655428259487,0.481614480473019,0.5860241100708974,0.6049049869005227,0.40685355749832897,0.5481410214046204,0.30288954643829136,0.1916018403679708,0.32427322332141506,0.20362170225610765,0.10038567316556606,0.07591305371664558,0.11314367316554162,0.04905545050741697,0.04933819527495768,0.0370127701729,0.026912297318102525,0.03963535904125417,0.007079589402127831,0.0046468335376510265,0.009022305590683712,0.006527882899335111,0.0022825590544514533,0.0024567575753810388,0.0008273273932527803,0.0005656999062392155,0.0003047272145738615,3.011733899777271e-05,2.3198875424315243e-05,6.515083429463327e-05,1.4739283022269767e-05,3.369997783778454e-06,2.07524005476126e-06,3.70465045253994e-06,2.816989925338754e-06,4.665068399875008e-07,3.944865126812358e-08,1.996605884350135e-08,3.421388116806386e-09,5.369502917558428e-08,2.0688862887247597e-09,1.090769480856038e-08,2.383052344239816e-09,1.3609682442687174e-09,6.601140896773683e-09,2.2063018280512811e-10,2.945966535037219e-11,1.9733788807127387e-10,4.6818547347525195e-11,5.529929377746285e-12,5.092491617022123e-12,6.518218198848464e-13,1.8104362138249573e-13,5.8452679419047015e-15,1.239419492636354e-15,3.452068293802414e-15,2.23495760788261e-16,3.6853000318986646e-18,8.863378896956436e-17,4.401660497791362e-19,1.4495010394849169e-18
4,0.8237142717505096,0.8188996427590824,0.8733157584992867,1.0,0.9467036688485838,0.9777220098459559,0.9270980546519342,0.9502101605058523,0.5681470672668041,0.4671291707420452,0.5181408998795063,0.3794136165320591,0.382806668261385,0.47527647430275743,0.49160153142846996,0.31691827506785275,0.43979403245353554,0.22883355547528017,0.1389713169345874,0.24569456948896629,0.14801506399484538,0.06872248372308018,0.05084256277618757,0.07796861074595784,0.031721607458687025,0.031844959501434913,0.023422766200834576,0.016630109164772002,0.025069141047065237,0.004008411690473786,0.0025730587550627545,0.005170752162957569,0.0036664132498361655,0.0012030610064180838,0.001292643894733871,0.00040996784193396066,0.0002741828966993598,0.00014300653821175364,1.2671555330794797e-05,9.621845037018977e-06,2.8077028979743537e-05,5.967404555741097e-06,1.2767536907348192e-06,7.653815587835547e-07,1.398543380028516e-06,1.0481557149449655e-06,1.6082098204428799e-07,1.2370032356502045e-08,6.077077209249922e-09,9.799976193625803e-10,1.692037752949411e-08,5.789458017831752e-10,3.229620538211697e-09,6.662106881269855e-10,3.7084717062012435e-10,1.885605025314338e-09,5.6244628338077053e-11,6.980672394385717e-12,4.9448793689564845e-11,1.1168991712764145e-11,1.2326397446971744e-12,1.1246192788018949e-12,1.3524118042318854e-13,3.5653214734767666e-14,1.0399913442108298e-15,2.1034298473642302e-16,6.056812872379012e-16,3.5929462409176475e-17,5.316066695166183e-19,1.3841638691796435e-17,5.968247959288902e-20,2.0367500523737682e-19
5,0.7703612944438938,0.8681273088355017,0.9242192265545485,0.9467036688485838,1.0,0.9682504605287964,0.9801213065461584,0.9953023654455949,0.6095473141822265,0.5032344185208125,0.5571400393588561,0.41026078541047173,0.4139685270416029,0.5122590214169467,0.5297411929662099,0.3438225366767995,0.47509048145931654,0.24917218554836318,0.15176575506559598,0.2675450610843553,0.16166372449133182,0.07514769945686424,0.05556437803295417,0.08528185232501358,0.03460333111702613,0.03473737001589963,0.02550441960788362,0.01806179368232167,0.02730355551957056,0.004290438015675847,0.00274025255527429,0.005548945038424815,0.003918034791525986,0.0012654598575799869,0.0013592571745218156,0.0004231472094167134,0.0002808355424614582,0.00014472646526941005,1.222865641782128e-05,9.220929507590165e-06,2.7406591883829598e-05,5.649589197482346e-06,1.165996637909193e-06,6.881423633419318e-07,1.2745872658210484e-06,9.472657860250187e-07,1.3866497938693117e-07,9.99826305887728e-09,4.805891490874881e-09,7.399450932805015e-10,1.3722892231692426e-08,4.2906120072339156e-10,2.5013763415317968e-09,4.932744567666251e-10,2.688779800038709e-10,1.4197636293229127e-09,3.8540205323901994e-11,4.479530666361608e-12,3.336252648771277e-11,7.209497943464179e-12,7.465798118904571e-13,6.748892356201295e-13,7.631273378840184e-14,1.9058625479021776e-14,4.985005135231674e-16,9.561459829676691e-17,2.858788308461386e-16,1.5340197525242913e-17,1.9936719405031294e-19,5.710588373185607e-18,2.0711687344626138e-20,7.3936673695237e-20
6,0.799166639078272,0.8371310634005815,0.8929181382632563,0.9777220098459559,0.9682504605287964,1.0,0.9482585414179738,0.9722781694500816,0.5799062521544116,0.4757924968635795,0.5283834305554387,0.3853610385058541,0.3888430680048125,0.484189975596802,0.5010319184082132,0.320893082914545,0.44756247235082613,0.23026232610818387,0.13835488348765101,0.24746737592849644,0.1474832133950849,0.06714543211707019,0.04926069751624438,0.07637468848505734,0.030286836068784042,0.030381930367023222,0.022144108002397904,0.015541503279559684,0.02369890818583195,0.003567911369419947,0.0022586315673535306,0.004636531048947265,0.0032474609752126743,0.0010218949799869848,0.0010966576397095367,0.00033283872485744643,0.00021877997214381315,0.00011116322777484459,8.940540473701527e-06,6.696174080938993e-06,2.025097311823747e-05,4.05593859769275e-06,8.108904842267399e-07,4.7222086296722743e-07,8.845926234902377e-07,6.527297140639419e-07,9.199705429197822e-08,6.3205100428843386e-09,2.99062694059679e-09,4.4596060539231205e-10,8.694388341900073e-09,2.5530803255643935e-10,1.5336977158563388e-09,2.93272098000988e-10,1.5760805542091722e-10,8.532542826540895e-10,2.1775325270692442e-11,2.4285450430250517e-12,1.865636941482973e-11,3.9215741007766315e-12,3.9070191502807245e-13,3.5115349966157935e-13,3.829496435639693e-14,9.265968236226245e-15,2.279916093176954e-16,4.2474342912876483e-17,1.296496156174337e-16,6.586772418581919e-18,7.99652729417749e-20,2.4073700195561758e-18,7.980228602103522e-21,2.9158719415739945e-20
7,0.7515734328637091,0.887095744688149,0.9435603637119861,0.9270980546519342,0.9801213065461584,0.9482585414179738,1.0,0.97498892376169,0.6267988035008207,0.5188490398781289,0.5736906429144863,0.42411871795954703,0.427958253068184,0.5282408663846763,0.5461393072483673,0.35633924157626284,0.49060864210527844,0.25918895754415827,0.15859659914352997,0.27822394184475374,0.16890713632933907,0.07901892369655716,0.058555961392354465,0.08961843316755265,0.03659172813206534,0.03674108953098864,0.02702465945228709,0.019179809909885846,0.02893456680785871,0.004589083511142178,0.002935822845544538,0.005929800479941039,0.004193487737651634,0.001360655312392141,0.0014617742003732027,0.0004568102469198511,0.0003035799264529244,0.0001567300606416532,1.3311771894370953e-05,1.004369009523626e-05,2.9806342254627917e-05,6.159590655082311e-06,1.2741125990298506e-06,7.525586361051734e-07,1.392990637205627e-06,1.0357135446624546e-06,1.518926060655733e-07,1.0967824194905004e-08,5.273456666665835e-09,8.12155150739854e-10,1.5053298437731197e-08,4.709482145609148e-10,2.7452652494444557e-09,5.414402394332249e-10,2.951237479518245e-10,1.5584647219823534e-09,4.2285148645387744e-11,4.910331607337458e-12,3.659901841457535e-11,7.903774319932748e-12,8.174536893814916e-13,7.38811292974606e-13,8.34110646433824e-14,2.0798979060236095e-14,5.420272587860849e-16,1.0375579121462321e-16,3.106639631936065e-16,1.660451068968199e-17,2.1457739356398483e-19,6.172328976501943e-18,2.2210257263744756e-20,7.945700087884441e-20
8,0.7702164380111036,0.8609423081800505,0.9180654791315235,0.9502101605058523,0.9953023654455949,0.9722781694500816,0.97498892376169,1.0,0.5974167023834105,0.48988589740910504,0.5442660310657068,0.3963121332405459,0.39992861078369346,0.4986638208091082,0.51614125694904,0.3295294163595981,0.4608303299769505,0.23559080062513116,0.14055641266843275,0.25337263923331144,0.14992460608833075,0.06730204652183272,0.049066003963538926,0.07669928015171741,0.029829573417278578,0.02990560448550784,0.021642567790258322,0.015051157866733311,0.023159912157654058,0.0033218401207830146,0.0020790767952624054,0.004342599794383516,0.0030110808036426474,0.0009151419251192528,0.0009809205375686974,0.00028689752737183353,0.00018582271609326044,9.233825583838545e-05,6.834983556955851e-06,5.058130185845771e-06,1.5767966677581335e-05,3.0010880382674006e-06,5.655868389240239e-07,3.2100038241696895e-07,6.144609360885185e-07,4.4719439748468897e-07,5.850167224744901e-08,3.6393736726070264e-09,1.665190924494571e-09,2.3177469150201273e-10,5.028190293596087e-09,1.289759807718753e-10,8.270558612455471e-10,1.4783298213430463e-10,7.695745530289626e-11,4.400767964850176e-10,9.781892852077541e-12,9.910278274810594e-13,8.177460520477199e-12,1.6118404329227506e-12,1.4657335073775907e-13,1.298668574979376e-13,1.2978490878844873e-14,2.9025324456318604e-15,6.129115311168136e-17,1.0600064940514581e-17,3.412018635181868e-17,1.5053524545271508e-18,1.5298747724874252e-20,5.243977474755671e-19,1.3714467811519352e-21,5.3337561904472694e-21
9,0.42808505916558137,0.7419782912357153,0.6857343233556026,0.5681470672668041,0.6095473141822265,0.5799062521544116,0.6267988035008207,0.5974167023834105,1.0,0.8730069832065002,0.9401064768664444,0.7534585366750716,0.7600327732292668,0.8899075624805639,0.9145821238493241,0.666089251504772,0.8489227698227312,0.5236222444523133,0.3550985887107553,0.5574091361458473,0.3758549486069853,0.203756324374067,0.159162960386108,0.2273117228660787,0.108052660849157,0.1089427053953725,0.08391345269580151,0.06290214518751779,0.0899083944171298,0.01828462289541782,0.01227215999132792,0.023008663066174183,0.01700028385047455,0.006309122720049835,0.006802340173186297,0.002400905056860008,0.001666961373028317,0.0009161440500256124,9.516777100621999e-05,7.365304102657776e-05,0.00020428058014442188,4.711919418626996e-05,1.0900826904961878e-05,6.729471100560101e-06,1.1994894730404223e-05,9.133437541186254e-06,1.510800431463149e-06,1.2539550134139256e-07,6.2881141732007e-08,1.0506101032495121e-08,1.7101414847245354e-07,6.282681896441089e-09,3.4008729588807026e-08,7.236284557725415e-09,4.077172596064272e-09,2.0284791739324736e-08,6.338554621601094e-10,8.007184507961294e-11,5.605570116915886e-10,1.2803373944496094e-10,1.424328329265376e-11,1.3006148146988468e-11,1.5624655245865567e-12,4.097108489746158e-13,1.1655850670960517e-14,2.3168018367869693e-15,6.755581409479779e-15,3.862119130431686e-16,5.364605445764445e-18,1.465703516765982e-16,5.762536581590377e-19,2.018666972214969e-18
10,0.3434772657445311,0.6288689760716311,0.5754580522164362,0.4671291707420452,0.5032344185208125,0.4757924968635795,0.5188490398781289,0.48988589740910504,0.8730069832065002,1.0,0.9320320876791265,0.8776565205118394,0.8850197820740122,0.9810241424305305,0.9551296579504784,0.7877980927495926,0.9793369239465736,0.6347439068973368,0.44528941507836495,0.6733026318130302,0.47004952972720904,0.26765420678644847,0.21284747575599416,0.29677104930249065,0.14859918603502686,0.14998009461616563,0.11740021377831646,0.0896757225657482,0.12570954041382934,0.027924560989557368,0.01907568997212541,0.034794202773827464,0.026114780441856663,0.010173550566128673,0.010975819953889887,0.0040522205199183415,0.002859277386101375,0.0016087880608127699,0.0001805568416527013,0.00014110305830193992,0.000380907192371959,9.175135685498021e-05,2.2187202842216598e-05,1.3936864102811621e-05,2.4464757676294553e-05,1.8804488297431235e-05,3.2666607896691013e-06,2.8743663362577693e-07,1.4672149514798725e-07,2.5400239314831313e-08,3.908136161764814e-07,1.539320328691166e-08,8.06517615268427e-08,1.7739407157404233e-08,1.0141024256640263e-08,4.91161749494166e-08,1.6357495230068751e-09,2.1486622257343467e-10,1.4602756370220252e-09,3.423875974882474e-10,3.944778016262809e-11,3.619511273037617e-11,4.484879599474682e-12,1.2062583015171874e-12,3.5963658597062077e-14,7.30000194588977e-15,2.0973870662407974e-14,1.2458076521570185e-15,1.809024681416512e-17,4.786323043682705e-16,1.991076469761296e-18,6.878379416962189e-18
11,0.3854745178070661,0.6871321260126694,0.6319066903705254,0.5181408998795063,0.5571400393588561,0.5283834305554387,0.5736906429144863,0.5442660310657068,0.9401064768664444,0.9320320876791265,1.0,0.8103569640413438,0.8173348399693031,0.9500133301881054,0.9754326858486628,0.7212026306139916,0.9093524146181937,0.572918612160324,0.3939716362411234,0.6090505559104453,0.4165842673190351,0.23027580787197033,0.18111194912611617,0.25630948464198655,0.12425029270005082,0.12532911985001083,0.0970992706829717,0.07327763312504919,0.10402711296728911,0.02179969904795739,0.014712349390608977,0.027346344444520568,0.020307516259533108,0.007649643112862246,0.008250161960109147,0.0029492081725177857,0.0020565805561074146,0.001137117225532473,0.00012022275014933761,9.323071092408452e-05,0.00025716828842440356,5.9836411547562835e-05,1.3951037655187674e-05,8.636347712795109e-06,1.5357945814160043e-05,1.1711789974234796e-05,1.9501974462098806e-06,1.6275710502247823e-07,8.17125486752345e-08,1.3671387037465185e-08,2.2193664073824885e-07,8.177952689529106e-09,4.423110519652401e-08,9.419880005512081e-09,5.308120846298508e-09,2.6404768961954403e-08,8.245987951516471e-10,1.0392159090853839e-10,7.290271647727249e-10,1.6622966567760933e-10,1.8426973075699336e-11,1.6817360589197504e-11,2.011033205651774e-12,5.249013920673643e-13,1.4765345720186507e-14,2.9167493896360358e-15,8.542679383061245e-15,4.82427766828091e-16,6.582132720625613e-18,1.8226018804622037e-16,6.988871824919194e-19,2.4649772301359065e-18
12,0.27221577284330845,0.5270932126564134,0.47734655428259487,0.3794136165320591,0.41026078541047173,0.3853610385058541,0.42411871795954703,0.3963121332405459,0.7534585366750716,0.8776565205118394,0.8103569640413438,1.0,0.9920031332415536,0.8570768477179485,0.830592701326059,0.9097933369404517,0.8944627768204739,0.7495311315740578,0.5423209432204537,0.7922365773721196,0.57093122554263,0.3399354951407908,0.27474599983408476,0.3747408117927016,0.19670332234342747,0.19869070406536204,0.1578189147552016,0.12259800326455247,0.16883931685572295,0.0405961586330987,0.028172377445235174,0.05013469296723411,0.038156408306591616,0.015513439789475197,0.01674209583135583,0.006428568712729355,0.004599536321744241,0.002640763929469221,0.00031644396777410366,0.00024929463452430967,0.000657747935361177,0.00016429201871939064,4.119567121709147e-05,2.6240183953338896e-05,4.549451828751959e-05,3.523430090824214e-05,6.3651204805013055e-06,5.861416432269419e-07,3.032590160379018e-07,5.391906919128952e-08,7.95024588920276e-07,3.299793318957568e-08,1.6874540560489307e-07,3.8040905917774706e-08,2.197765785859114e-08,1.0435445075897673e-07,3.6399824227818495e-09,4.913119532132327e-10,3.2708949813300087e-09,7.810213526162271e-10,9.214425948213527e-11,8.48148168238724e-11,1.0723339991422502e-11,2.930651280432288e-12,8.987684155052615e-14,1.8463965953569534e-14,5.260466670258937e-14,3.192072126564088e-15,4.742413771522497e-17,1.2344318560421437e-15,5.280393804809706e-18,1.8122807037180554e-17
13,0.2745767397925163,0.531762211234557,0.481614480473019,0.382806668261385,0.4139685270416029,0.3888430680048125,0.427958253068184,0.39992861078369346,0.7600327732292668,0.8850197820740122,0.8173348399693031,0.9920031332415536,1.0,0.8644218033861698,0.8378270221382242,0.9013289807628942,0.9021366225634525,0.740698984209936,0.5337849077538517,0.7833117188537393,0.5621990254163554,0.3325296575537757,0.2680371663765644,0.36694457344476805,0.19104950465490234,0.19296193503083703,0.15283566582798672,0.1183278040503423,0.1635588718860156,0.03863517713343281,0.026701011492448475,0.047821738576666224,0.03626970615441385,0.014576447630128043,0.01573160016450447,0.0059681389509421865,0.004250670693380824,0.002423387916619276,0.00028298681336671734,0.0002221660686257748,0.0005920534467671,0.00014554205618146695,3.586039405751764e-05,2.2679313016663863e-05,3.9577232898855655e-05,3.053317199304496e-05,5.397215398813595e-06,4.828603775709123e-07,2.475055188653114e-07,4.313728694983534e-08,6.560945086762437e-07,2.6197818207026084e-08,1.3651909004109999e-07,3.019614781692049e-08,1.729615180363069e-08,8.347057472805866e-08,2.7987917027721334e-09,3.678930563988216e-10,2.5001685252797608e-09,5.8636506903262e-10,6.743234927297238e-11,6.18518602225356e-11,7.631865236860368e-12,2.042731524079369e-12,6.006618178643176e-14,1.2093325872609971e-14,3.4949366676628345e-14,2.0418804255088033e-15,2.88984869437055e-17,7.7954182351136e-16,3.1266908200942284e-18,1.0910911990225257e-17
14,0.34877922945280626,0.6405321967202267,0.5860241100708974,0.47527647430275743,0.5122590214169467,0.484189975596802,0.5282408663846763,0.4986638208091082,0.8899075624805639,0.9810241424305305,0.9500133301881054,0.8570768477179485,0.8644218033861698,1.0,0.9738427044319857,0.7660465221840482,0.9594602543685312,0.6122743632807102,0.42403912424615775,0.6504830509042134,0.44821985929830455,0.24980443211134562,0.19691558394176834,0.27785018130659045,0.13547945392286573,0.13668279089230032,0.10600805509506267,0.08007671892789141,0.11359782449740193,0.0238034797427872,0.016042124755535972,0.029879284016912488,0.02216886900642248,0.008309627280727145,0.008963322399771587,0.0031789287455153475,0.0022089354334040192,0.0012140278746375056,0.0001249732395673808,9.652275444136508e-05,0.0002692822399747516,6.150436349433824e-05,1.402061140229795e-05,8.594595972086602e-06,1.541951128207054e-05,1.1696631157707684e-05,1.8881271630180746e-06,1.5072066280820012e-07,7.453006698882799e-08,1.2063894253660069e-08,2.0606585549144636e-07,7.121282935588262e-09,3.9758371589326e-08,8.198624652247261e-09,4.550798429244802e-09,2.32723711435116e-08,6.78298467243012e-10,8.141404897780554e-11,5.9299798411214e-10,1.3082045611736292e-10,1.3821438436145892e-11,1.2526653180091152e-11,1.4291579626619903e-12,3.5780689704601236e-13,9.247132512841334e-15,1.7522499650539465e-15,5.286024652121775e-15,2.758308681456081e-16,3.3961230224017923e-18,1.0141305435441784e-16,3.3887786046366024e-19,1.2391997093098855e-18
15,0.36145323860047596,0.6604075581168376,0.6049049869005227,0.49160153142846996,0.5297411929662099,0.5010319184082132,0.5461393072483673,0.51614125694904,0.9145821238493241,0.9551296579504784,0.9754326858486628,0.830592701326059,0.8378270221382242,0.9738427044319857,1.0,0.7391888578025183,0.9326012402016702,0.586336458407017,0.4014474405312932,0.623737565092753,0.42479341169517837,0.23246207322942403,0.1819296778687307,0.2592097357081802,0.12369859848696017,0.12474794386587225,0.09605411976490538,0.07192935882586661,0.10297488664005858,0.02064629123876125,0.013778457487132847,0.02605578893886481,0.01916812457788049,0.0069862995012319505,0.007533441551763624,0.0025968144336315875,0.0017850594771052757,0.0009651983329718015,9.368890072748109e-05,7.178464327237465e-05,0.00020468027156944846,4.511929643654807e-05,9.890125742609327e-06,5.964541131428993e-06,1.0854846676135259e-05,8.161938776758104e-06,1.2557846327051783e-06,9.415092219339989e-08,4.561235627674738e-08,7.07552369727819e-09,1.2914130390702265e-07,4.1067077052157885e-09,2.3865849959716167e-08,4.723678773152973e-09,2.5729244492776265e-09,1.3611242139440747e-08,3.648663210451247e-10,4.1384509301978376e-11,3.1461104461263154e-10,6.681414322559347e-11,6.690152279402576e-12,6.015164980329366e-12,6.522787968369409e-13,1.5615548278602788e-13,3.698407862211473e-15,6.720087892823102e-16,2.0887306192019834e-15,1.0069287719578423e-16,1.1226060232066847e-18,3.604197494888584e-17,1.0557251173010853e-19,3.995730689574782e-19
16,0.22206006215385998,0.4537161738004011,0.40685355749832897,0.31691827506785275,0.3438225366767995,0.320893082914545,0.35633924157626284,0.3295294163595981,0.666089251504772,0.7877980927495926,0.7212026306139916,0.9097933369404517,0.9013289807628942,0.7660465221840482,0.7391888578025183,1.0,0.8015858812439854,0.8346155628187044,0.6141863212972534,0.8804290356437228,0.645711850546673,0.3931256344152534,0.3200777691631197,0.4322396594640967,0.23161097214739879,0.2340458961159786,0.1869428589959259,0.14610792292662303,0.19997369982407265,0.04923111321243115,0.03426964876659227,0.060682061024547956,0.04632921114009939,0.018969449870122418,0.020478576482239573,0.007883277483233713,0.0056406424508319685,0.003235231669796863,0.0003830607059750987,0.00030107599463201216,0.0007998360819197314,0.00019754396930503357,4.875522554566182e-05,3.083035620975999e-05,5.382099870088751e-05,4.1519730391676644e-05,7.314019469628613e-06,6.473657251837723e-07,3.30300766153108e-07,5.688694818880821e-08,8.804726702283418e-07,3.437384986915567e-08,1.8131054023141043e-07,3.961879136997371e-08,2.2556336803943824e-08,1.1011060440213009e-07,3.5835941841678484e-09,4.599993700154449e-10,3.1855294341457234e-09,7.35046899027324e-10,8.242140442408207e-11,7.532925342677007e-11,9.052737419644438e-12,2.3656748630543883e-12,6.604505640459386e-14,1.2950819088390771e-14,3.813613579473337e-14,2.117709381320198e-15,2.7971103350680754e-17,7.94135018457055e-16,2.899472361578189e-18,1.0374056038145199e-17
17,0.31841282235789925,0.6021404176557761,0.5481410214046204,0.43979403245353554,0.47509048145931654,0.44756247235082613,0.49060864210527844,0.4608303299769505,0.8489227698227312,0.9793369239465736,0.9093524146181937,0.8944627768204739,0.9021366225634525,0.9594602543685312,0.9326012402016702,0.8015858812439854,1.0,0.6427666597050163,0.4463739851870807,0.6827926796345194,0.4718615853484547,0.2632710231569241,0.2074090348159744,0.2929154346837852,0.14243569282207819,0.1437082168765112,0.1112489632713408,0.08381874658869688,0.1192657659633643,0.02453723034270037,0.016444996949428282,0.030890185210666082,0.02281683395066777,0.00840950675769892,0.009071270155153783,0.0031528002537769967,0.002172750080371242,0.001178493780543759,0.00011506813633752673,8.819355365385078e-05,0.0002512826248532639,5.544728304236046e-05,1.2139484541325678e-05,7.313168998489238e-06,1.3323925104038226e-05,1.0012701231140432e-05,1.5324684482243723e-06,1.136383382209026e-07,5.4811047016640557e-08,8.413674872287036e-09,1.559879664832941e-07,4.8613072131461614e-09,2.8549762987752514e-08,5.590480477848595e-09,3.0287835755796657e-09,1.6177085709066325e-08,4.229145752750763e-10,4.7037918148123937e-11,3.6301062027093556e-10,7.607306136994065e-11,7.464763686075572e-12,6.6905246048414735e-12,7.106119681400914e-13,1.6685704678882564e-13,3.796358994177548e-15,6.758868119813769e-16,2.131665775834879e-15,9.879393937325565e-17,1.0455004731056276e-18,3.4876853931746544e-17,9.516755680836238e-20,3.6712676436666633e-19
18,0.15505750147409916,0.3430951701398516,0.30288954643829136,0.22883355547528017,0.24917218554836318,0.23026232610818387,0.25918895754415827,0.23559080062513116,0.5236222444523133,0.6347439068973368,0.572918612160324,0.7495311315740578,0.740698984209936,0.6122743632807102,0.586336458407017,0.8346155628187044,0.6427666597050163,1.0,0.765855754091388,0.9507134809561139,0.8018589792869435,0.5175076702827295,0.43049615365842175,0.5643700704978314,0.3220385056546563,0.3256654300366285,0.26531939467970556,0.21208824359499023,0.28325981644432396,0.0776849824655364,0.05527128894210759,0.09456806100191352,0.0735877779046169,0.03194599163411283,0.03448587360918417,0.014015429908196346,0.010221879899723379,0.006029262679585277,0.0007819940014454843,0.0006214950419195113,0.001598712697837347,0.0004154231517441495,0.00010783928333281365,6.952270760168896e-05,0.00011928078764933113,9.299041121411575e-05,1.730148377826762e-05,1.6319150662956505e-06,8.484792105123046e-07,1.5168106967892682e-07,2.2119943755144927e-06,9.291668039669522e-08,4.737609298006075e-07,1.0714938152281651e-07,6.191274667286906e-08,2.939695532454897e-07,1.0206791230171662e-08,1.36093813986686e-09,9.157544088574707e-09,2.1675756344571228e-09,2.5122829894784523e-10,2.3064557865594484e-10,2.8507069874221316e-11,7.618435550140876e-12,2.2119034616673926e-13,4.4102347408510884e-14,1.283563577136953e-13,7.342231286624579e-15,1.0007047504778703e-16,2.7784005484830065e-15,1.0539449326630705e-17,3.737182703346116e-17
19,0.0902976040018042,0.22178681126425737,0.1916018403679708,0.1389713169345874,0.15176575506559598,0.13835488348765101,0.15859659914352997,0.14055641266843275,0.3550985887107553,0.44528941507836495,0.3939716362411234,0.5423209432204537,0.5337849077538517,0.42403912424615775,0.4014474405312932,0.6141863212972534,0.4463739851870807,0.765855754091388,1.0,0.71597450585651,0.9601642458871853,0.7306643153447046,0.6278336291129913,0.7864349373229793,0.4939825016104219,0.49977930292090667,0.4201504259406579,0.34798665074893387,0.4464508638026805,0.14631698157796477,0.10817021773367602,0.17425152124955823,0.1400462944923094,0.06730708808631966,0.07254052817848242,0.03253766888693434,0.024580307281481924,0.015288512416611956,0.0023777437207541147,0.00193269379566861,0.004643678361358364,0.0013420903951634805,0.00038838184877871694,0.0002610823961347076,0.00043082331675606446,0.0003436231712508611,7.246223652261978e-05,7.98651884495073e-06,4.354537438881666e-06,8.598921149193387e-07,1.0719634168164202e-05,5.464321251114121e-07,2.540159153332156e-06,6.30402712021218e-07,3.7930467997259573e-07,1.6648018287521036e-06,6.960142040861019e-08,1.0430223400104663e-08,6.408081945557043e-08,1.6417299592440036e-08,2.1218394694870054e-09,1.97605273968502e-09,2.697831016935976e-10,7.826707774373695e-11,2.666139705422724e-12,5.723079464180817e-13,1.5812938703104664e-12,1.0366604617018096e-13,1.6695835739895395e-15,4.1036015365348804e-14,1.9336946515011685e-16,6.491344931111592e-16
20,0.16683584066127366,0.366652603507591,0.32427322332141506,0.24569456948896629,0.2675450610843553,0.24746737592849644,0.27822394184475374,0.25337263923331144,0.5574091361458473,0.6733026318130302,0.6090505559104453,0.7922365773721196,0.7833117188537393,0.6504830509042134,0.623737565092753,0.8804290356437228,0.6827926796345194,0.9507134809561139,0.71597450585651,1.0,0.7512005639096612,0.4717566162127522,0.3881227946225395,0.5167102327501925,0.28516495898005667,0.28831180124789435,0.2321863652830115,0.18310587251632804,0.24828776108113337,0.06338737101409099,0.04435415561265578,0.07788223685451556,0.059767148665888586,0.024778944875025525,0.02676156449161695,0.010369294699364278,0.007428530989399554,0.0042623984625696585,0.0004997373771170073,0.00039187641782625513,0.0010482058836105586,0.0002559546184315937,6.208809225618104e-05,3.8939717747832056e-05,6.850825552382618e-05,5.2616279168693546e-05,9.002355386601542e-06,7.600770216525718e-07,3.813023854798229e-07,6.317680107297836e-08,1.037070723221419e-06,3.7577877551248775e-08,2.0585236375038856e-07,4.329346997432948e-08,2.4203342629774252e-08,1.2221959943147802e-07,3.6515507211595813e-09,4.4012464734191436e-10,3.2007578210283317e-09,7.075961699183934e-10,7.444223788001394e-11,6.740781137852735e-11,7.59917563165137e-12,1.874736879482307e-12,4.644971978349273e-14,8.581772881263928e-15,2.6365478228143107e-14,1.30632197502382e-15,1.4848644762741502e-17,4.708173094761482e-16,1.4035119096150323e-18,5.29932417910379e-18
21,0.0963213017650862,0.23536273950858377,0.20362170225610765,0.14801506399484538,0.16166372449133182,0.1474832133950849,0.16890713632933907,0.14992460608833075,0.3758549486069853,0.47004952972720904,0.4165842673190351,0.57093122554263,0.5621990254163554,0.44821985929830455,0.42479341169517837,0.645711850546673,0.4718615853484547,0.8018589792869435,0.9601642458871853,0.7512005639096612,1.0,0.6900677003679059,0.5885546458423142,0.7450675612900348,0.45755159791448974,0.4629362669831004,0.38609118873432047,0.31686895507448387,0.4108988647736971,0.12815132482911898,0.09362374157146691,0.15364251860175612,0.12230051494803681,0.056933549073397524,0.06141549933664154,0.026642539846548175,0.019879782172766168,0.012127831495882637,0.0017560718004291243,0.0014142507159413445,0.0034966670199075584,0.0009665116106519902,0.0002666323478969164,0.00017588914072892147,0.0002954996972212824,0.0002332759707999882,4.636022467300949e-05,4.721593826218353e-06,2.510817155080648e-06,4.6948005065688857e-07,6.372033466622284e-06,2.923128888570236e-07,1.43074861008825e-06,3.3723616352250066e-07,1.9831856996955106e-07,9.105168916668803e-07,3.417320567736855e-08,4.767818215918571e-09,3.099261043097945e-08,7.562766224108238e-09,9.11856209747069e-10,8.415447833576866e-10,1.0754198411849785e-10,2.9507948630178517e-11,8.971286342747862e-13,1.823867659055946e-13,5.236377063259756e-13,3.1002505516913576e-14,4.3806723463963497e-16,1.1855117212749937e-14,4.697392275342423e-17,1.648855709245295e-16
22,0.042183540570427884,0.11989797678648065,0.10038567316556606,0.06872248372308018,0.07514769945686424,0.06714543211707019,0.07901892369655716,0.06730204652183272,0.203756324374067,0.26765420678644847,0.23027580787197033,0.3399354951407908,0.3325296575537757,0.24980443211134562,0.23246207322942403,0.3931256344152534,0.2632710231569241,0.5175076702827295,0.7306643153447046,0.4717566162127522,0.6900677003679059,1.0,0.8868055181417938,0.9382384618542654,0.7322808382813006,0.7407833825681127,0.6420088098822818,0.5498795669603742,0.6782116708751689,0.262996775020521,0.20146480146627355,0.30676681385763505,0.25397114751548655,0.13370862513014029,0.14374420105010616,0.0702513519006757,0.05465898302468797,0.03553042592204621,0.006381228660375572,0.00527417480829403,0.012015656996304863,0.0037664085249106303,0.0011780704511390849,0.0008146928990511246,0.0013085562281138837,0.0010600924161859565,0.000242954352733248,2.946496520142671e-05,1.6507389327699003e-05,3.44292910775325e-06,3.930714717008856e-05,2.2297524101085818e-06,9.865320279393369e-06,2.572410720850554e-06,1.5796682572206149e-06,6.655002848673453e-06,3.0516827525900067e-07,4.813387802917746e-08,2.842033902394606e-07,7.537653559793144e-08,1.0178397587969877e-08,9.529798167388924e-09,1.3482161742928112e-09,4.0164226912848447e-10,1.430435487477213e-11,3.1242227738751153e-12,8.52924735624772e-12,5.758206620265721e-13,9.521490955116151e-15,2.298123330989638e-13,1.1143894424274282e-15,3.719894608684693e-15
23,0.03058430061958389,0.0917903815155317,0.07591305371664558,0.05084256277618757,0.05556437803295417,0.04926069751624438,0.058555961392354465,0.049066003963538926,0.159162960386108,0.21284747575599416,0.18111194912611617,0.27474599983408476,0.2680371663765644,0.19691558394176834,0.1819296778687307,0.3200777691631197,0.2074090348159744,0.43049615365842175,0.6278336291129913,0.3881227946225395,0.5885546458423142,0.8868055181417938,1.0,0.8249355123398976,0.8423801678651966,0.8518960770538888,0.7480511127605483,0.6499868841686085,0.787763526899844,0.32944164057403713,0.25667862306919254,0.38048174591263184,0.3193505623550712,0.17555162352025822,0.18838737790151294,0.09606470386607194,0.07585717842343846,0.05044634453373685,0.009796682914271168,0.008172337731136903,0.018057992568743794,0.0059286263974765024,0.0019412705945357422,0.001365320851093786,0.002156866001563364,0.0017636485510457163,0.00042592920773349525,5.5112251395873564e-05,3.147226261775525e-05,6.83832960515193e-06,7.317577855641937e-05,4.493014858660496e-06,1.913951478412751e-05,5.1817687493942135e-06,3.2329769585315727e-06,1.3181793522691835e-05,6.518281770183772e-07,1.0764723804571302e-07,6.127159508087336e-07,1.6768761163129112e-07,2.3637379704091406e-08,2.2245524321746616e-08,3.2715463287104642e-09,1.0051200666330768e-09,3.803453230743536e-11,8.538576028750487e-12,2.286662862424611e-11,1.6232961039389189e-12,2.8531679241859616e-14,6.585966345833999e-13,3.4545143569490455e-15,1.1309119754446314e-14
24,0.04812836115224361,0.1346097603437455,0.11314367316554162,0.07796861074595784,0.08528185232501358,0.07637468848505734,0.08961843316755265,0.07669928015171741,0.2273117228660787,0.29677104930249065,0.25630948464198655,0.3747408117927016,0.36694457344476805,0.27785018130659045,0.2592097357081802,0.4322396594640967,0.2929154346837852,0.5643700704978314,0.7864349373229793,0.5167102327501925,0.7450675612900348,0.9382384618542654,0.8249355123398976,1.0,0.671985849698338,0.6799307612367784,0.5838891635660701,0.49498315667959003,0.6181669838326529,0.2266098204145287,0.17127171294711274,0.26636962485522764,0.218171498369241,0.11088950829136245,0.11938546092803386,0.0562516409794665,0.043190357167312635,0.027495499030614764,0.004575518311690592,0.0037457181584630277,0.008801372108857227,0.0026310665932973076,0.0007830308304743068,0.0005312471170688755,0.0008693684881981953,0.0006969504263611094,0.00015028693065683409,1.6817374007387376e-05,9.188964874388784e-06,1.813979406386091e-06,2.2567409273351194e-05,1.1513723407154306e-06,5.365138840799051e-06,1.3287105824155393e-06,7.977347597049321e-07,3.5171367490929068e-06,1.4480268615582908e-07,2.12890376035977e-08,1.3293946045243254e-07,3.360425256259891e-08,4.238248787603232e-09,3.934108064767128e-09,5.217447069026357e-10,1.4729616875753155e-10,4.699674565989676e-12,9.742297713143528e-13,2.759318852255718e-12,1.6896335114932905e-13,2.4658645130588064e-15,6.524368888382209e-14,2.682624520478151e-16,9.34154722738387e-16
25,0.01848952120131148,0.060506064857321025,0.04905545050741697,0.031721607458687025,0.03460333111702613,0.030286836068784042,0.03659172813206534,0.029829573417278578,0.108052660849157,0.14859918603502686,0.12425029270005082,0.19670332234342747,0.19104950465490234,0.13547945392286573,0.12369859848696017,0.23161097214739879,0.14243569282207819,0.3220385056546563,0.4939825016104219,0.28516495898005667,0.45755159791448974,0.7322808382813006,0.8423801678651966,0.671985849698338,1.0,0.9892596032493941,0.9024706847037783,0.7984761503702767,0.9462734260313395,0.43516555424913916,0.3462879796582783,0.4963535845589897,0.4237563280626435,0.2456000124296267,0.26289730142459367,0.1410942406436077,0.11337601670539496,0.07743848902940505,0.016437872368433963,0.013852099294494703,0.029575063103158925,0.010222506535274836,0.003515230260652584,0.0025158789073228376,0.0039059690637533147,0.0032249278053755963,0.0008216333169606291,0.00011321318983033217,6.581007773284834e-05,1.4838262033006905e-05,0.00014963849170949943,9.872628866910773e-06,4.0662319318925046e-05,1.1382149745260388e-05,7.199042718786249e-06,2.8525261490419008e-05,1.503991146511861e-06,2.5751301743681803e-07,1.424270727489339e-06,3.9951659263587874e-07,5.814627297790997e-08,5.492478594980497e-08,8.297384257428772e-09,2.601023686258411e-09,1.0205294183310161e-10,2.325423773858796e-11,6.163556015381563e-11,4.490663801676418e-12,8.108283679900665e-14,1.8361558521080182e-12,9.943072483140815e-15,3.232006492932343e-14
26,0.018524699612132243,0.06091022607529939,0.04933819527495768,0.031844959501434913,0.03473737001589963,0.030381930367023222,0.03674108953098864,0.02990560448550784,0.1089427053953725,0.14998009461616563,0.12532911985001083,0.19869070406536204,0.19296193503083703,0.13668279089230032,0.12474794386587225,0.2340458961159786,0.1437082168765112,0.3256654300366285,0.49977930292090667,0.28831180124789435,0.4629362669831004,0.7407833825681127,0.8518960770538888,0.6799307612367784,0.9892596032493941,1.0,0.891172186254676,0.7867718352045506,0.9350231391457751,0.42429385490160954,0.3363923851013686,0.4849668592415719,0.41289299142279756,0.23701805885658522,0.2538788881868794,0.1347838464161679,0.1078699118571628,0.07318939304329294,0.015135403651692858,0.012712284782813499,0.027452082410059125,0.009326886452793956,0.003148554644370524,0.002237630800403219,0.0034991623607520178,0.002877867174135688,0.000715964040477297,9.544961881952897e-05,5.491409410566179e-05,1.2091333710738821e-05,0.00012650964752987712,7.976711156904066e-06,3.360341640735795e-05,9.200043325532025e-06,5.763111406254819e-06,2.330386197961573e-05,1.17124263351865e-06,1.9427413019643113e-07,1.102696154070179e-06,3.0262461585078917e-07,4.266947959720118e-08,4.0154942200242936e-08,5.883131534429443e-09,1.7983345530450987e-09,6.687712859713045e-11,1.4851989449725843e-11,4.00823877303823e-11,2.782962884255331e-12,4.716266712543716e-14,1.11930886800771e-12,5.5717605317826146e-15,1.8506280738998982e-14
