,1,2,3,4,5,6,7,8,9,10,11,12,13,14,15,16,17,18,19,20,21,22,23,24,25,26,27,28,29,30,31,32,33,34,35,36,37,38,39,40,41,42,43,44,45,46,47,48,49,50,51,52,53,54,55,56,57,58,59,60,61,62,63,64,65,66,67,68,69,70,71,72
1,1.0,0.7958797727720603,0.8923725326796332,0.8126540903299337,0.7406420148659625,0.6904990025289028,0.5808954261751612,0.6508224034280363,0.3328041751080816,0.4074535322966183,0.2697068076243758,0.2777653238209513,0.2430987402580983,0.30037527076135506,0.4119596803512521,0.1647753190283201,0.18867563040734292,0.15066351384975937,0.048568112527221145,0.13235902658760265,0.0416651089088754,0.020185907922448447,0.03429316438529946,0.030153362557254017,0.022728478143883665,0.030906690809559826,0.025954993607783503,0.010828728199897312,0.028359423291012053,0.0036034277481358464,0.0029654975371344555,0.00486493723835365,0.004727931830135534,0.002521182854513079,0.001811568929243177,0.0006500776452215948,0.001072002262895644,0.00017721712280740232,4.9617792407781945e-05,5.049072139918697e-05,0.00017778016768894449,5.485881345998696e-05,2.4170094976434768e-05,4.5872003183452624e-05,0.00022255180621707553,0.00025169468429247,9.21096659445586e-05,6.862110960159954e-05,8.342170023628259e-05,6.316015481479975e-05,4.3965491386204144e-05,2.327930657440458e-05,4.35514982295936e-05,3.848328663298561e-05,8.329053897814034e-05,0.00029439960912774606,0.00010903481169534756,1.590746015663769e-05,6.974785785950348e-05,6.769303847330735e-05,2.9372079694013486e-05,9.498749647075716e-05,1.2508418411986691e-05,1.0779126604127335e-05,1.7078742926735126e-06,1.4142909086662206e-06,2.296464263826538e-06,5.166706025473981e-07,5.618913789598375e-07,8.468737257386313e-07,2.6711087101416788e-08,9.889550788442933e-08
2,0.7958797727720603,1.0,0.9000596033834865,0.9809107205188422,0.9467469210449099,0.8939711811577121,0.7728401827300255,0.8542145123502103,0.4819188816827563,0.5745368980658424,0.4020565630137255,0.41308825628048673,0.3681713557146925,0.44340857444307313,0.5835339082704889,0.2626595442623376,0.2968600646769797,0.24336387446593344,0.08817295738698105,0.21811537727993313,0.0771026529272858,0.039958231349065586,0.0648596711029539,0.057875859460122865,0.04477905747612775,0.05942646698146842,0.05066318124355488,0.02280996330329744,0.05527326249643168,0.008283216999788321,0.006892517790112431,0.010973215979183933,0.010694991920749788,0.005988818532389608,0.00443178286932072,0.00170270232475121,0.0027252108514583748,0.000503791526702273,0.00015124670964934478,0.0001541616870418704,0.0005106459455375955,0.00016739522667574052,7.71936947462035e-05,0.00014249155218541045,0.0006330263587223969,0.0007123496115708957,0.00027682808965625504,0.00020940580403213882,0.00025260775843982463,0.00019373411225553016,0.00013816624930077415,7.559465534700891e-05,0.00013718169679742174,0.00012220992652545114,0.00025447912553496486,0.0008405275545766458,0.00032868263115557497,5.338854244837546e-05,0.00021744994047568267,0.00021137411819621726,9.58155707706769e-05,0.0002915132702369692,4.272879035708479e-05,3.735211519627908e-05,6.454022701412122e-06,5.394280375291148e-06,8.551603609123479e-06,2.065687062655413e-06,2.228895523182658e-06,3.317032867352835e-06,1.202309444747854e-07,4.220851482585582e-07
3,0.8923725326796332,0.9000596033834865,1.0,0.918307795110261,0.8448230672062118,0.7924213596014399,0.6750607037593008,0.7519071502002352,0.4016642350780124,0.48618295436429926,0.3295667058149383,0.33910939849449717,0.29906356739075757,0.36564132664034577,0.49276065752366016,0.2069939612279097,0.23583966283998836,0.19028477177334946,0.06403613018504903,0.16851681810585561,0.05531112550282097,0.027399368541342832,0.04586894843612936,0.040534230867357975,0.03081275773359493,0.04157935170002823,0.035087128342238545,0.014985470910966896,0.03833164662436066,0.005108131318131486,0.004215112820437284,0.006863447548826629,0.006675445044071837,0.0036044314025663565,0.002608686461118111,0.0009499991766504344,0.0015570875137027624,0.00026289315134365673,7.435886491293632e-05,7.568941271759018e-05,0.0002642628666667569,8.224109690305893e-05,3.6432089589193146e-05,6.893965087301344e-05,0.00033033649632548427,0.00037331948138362474,0.00013786844556625384,0.00010291499625136702,0.00012499871085760414,9.478876764143706e-05,6.618429183136494e-05,3.5164768287467355e-05,6.55820788669905e-05,5.8005326278627595e-05,0.00012498510121695508,0.0004375729593886079,0.00016333826831651057,2.410964642494733e-05,0.0001049594493172211,0.00010188560685970945,4.4411137780681394e-05,0.00014267603134576038,1.8986419348096237e-05,1.6380563051695318e-05,2.6040615182935708e-06,2.1567033933452358e-06,3.500428961732384e-06,7.877760476265292e-07,8.567406966178753e-07,1.2916060119485428e-06,4.045929740791977e-08,1.5039637539172683e-07
4,0.8126540903299337,0.9809107205188422,0.918307795110261,1.0,0.9268095888403378,0.8736413543261363,0.7522284495275833,0.8333542056691181,0.4626587000165645,0.554191146103886,0.3839584800249254,0.39470204017980803,0.35058397808168795,0.4243305119142208,0.5626407022845996,0.247577361600116,0.2806282174875301,0.2287750323573703,0.08061070200365947,0.20419726365213753,0.07015278600330095,0.03568452256607164,0.05867780221582261,0.05215440651501963,0.04005544349790748,0.05353602088303282,0.04544557408600734,0.019999658775672596,0.04961829926581451,0.007055372584745064,0.005847168862316162,0.00940966450815772,0.009162309212149467,0.005043132494011659,0.0036924493916195744,0.0013811483476468733,0.002237453290939963,0.0003946612411786042,0.00011471185623031219,0.0001168420030971173,0.00039835452373632337,0.00012692914479081746,5.723856584223832e-05,0.0001071500289659412,0.000496067231019772,0.0005595287727558273,0.00021154864647857858,0.0001588574587771139,0.00019236769379872136,0.00014660851896448028,0.00010334327734159132,5.561361834952261e-05,0.00010249686826156984,9.094535925045205e-05,0.00019303481957761215,0.000658167206165562,0.0002509506336460402,3.8627830532806755e-05,0.00016340433796563404,0.0001587156636540377,7.037270287188413e-05,0.00022076428249022268,3.0631139259227954e-05,2.6576502153543466e-05,4.3696125481958355e-06,3.631993119658025e-06,5.840217300312166e-06,1.3511315473545151e-06,1.464877017511332e-06,2.19773434436502e-06,7.264156153420623e-08,2.6453567503358607e-07
5,0.7406420148659625,0.9467469210449099,0.8448230672062118,0.9268095888403378,1.0,0.9459200869858537,0.8203201879178217,0.9056743984519529,0.5149528775167935,0.6131397559326457,0.4300500514360396,0.44188543402928837,0.39397765254798733,0.4743559461366964,0.623261587379179,0.2809679939528087,0.3177653401958057,0.26025567508272796,0.09321819531312038,0.2331155415293129,0.0813041652136304,0.041589861833012255,0.06815625800153507,0.06066255258363519,0.046681170871102844,0.06228939543407316,0.05293482076853986,0.02338611055773987,0.057805736841633266,0.008252371165406157,0.006836153924456834,0.01101162079529871,0.010722076925087658,0.00589380555128398,0.004309531637604733,0.001602458057346544,0.002604005624428131,0.00045280437969353986,0.00012984939014725464,0.00013222574397316297,0.00045643078549927675,0.00014368150099144036,6.410259587941319e-05,0.00012084140536029702,0.0005694226707826829,0.0006428649499781176,0.00024037338355684454,0.0001799064330452706,0.00021824974625713392,0.00016584922763227203,0.0001162682907268834,6.204641342002939e-05,0.00011525926181585895,0.00010206931593151146,0.0002186587041621886,0.000755683818575824,0.00028511019348131895,4.271871382185512e-05,0.00018431848690766164,0.00017896253576738796,7.8465355306866e-05,0.00024994262071299236,3.3701417647775306e-05,2.911570779142276e-05,4.640284784503859e-06,3.8427698831573745e-06,6.23745349503518e-06,1.4012119109752308e-06,1.5243154149419728e-06,2.299897352090674e-06,7.094948833556611e-08,2.6585907134224085e-07
6,0.6904990025289028,0.8939711811577121,0.7924213596014399,0.8736413543261363,0.9459200869858537,1.0,0.8727623108350822,0.9603457142202315,0.5586198181504607,0.6610543550201347,0.469600137816384,0.4822465703776566,0.43172990476238515,0.516769687017391,0.6725369827684144,0.3114264848263689,0.35116727342454634,0.28930432798594796,0.10628132417442623,0.2602616852133768,0.09306824038171295,0.04827171239727347,0.07837129208087944,0.06996580744550158,0.05412819953474917,0.0718668502121652,0.06126305122365925,0.027480360814477706,0.06687801470161024,0.00985950661018145,0.008183987632141333,0.013110020486447256,0.012772214207351135,0.007084139758946969,0.005207385393618948,0.001959178812506288,0.0031676935999567645,0.0005609629022218748,0.00016254722362720727,0.00016556569044361198,0.0005664152306136341,0.00017990143298022475,8.077711677150768e-05,0.00015170128013750465,0.0007055942758165279,0.0007959992354724385,0.00030035025855556255,0.0002252909337917542,0.00027301091027363535,0.00020784191501974154,0.00014621329987799832,7.837455412409571e-05,0.00014499388227891852,0.00012854791054156035,0.00027390375243782096,0.0009371374464941354,0.0003564560053635304,5.4202243278126065e-05,0.00023157918767170396,0.00022489905360290104,9.919467287399658e-05,0.0003133353520515397,4.285927033413e-05,3.709611690123201e-05,5.9706458668937665e-06,4.949316961264405e-06,8.012997363879755e-06,1.8131855426015587e-06,1.9709010165246106e-06,2.970265294823905e-06,9.269737365703667e-08,3.459736103185801e-07
7,0.5808954261751612,0.7728401827300255,0.6750607037593008,0.7522284495275833,0.8203201879178217,0.8727623108350822,1.0,0.909776528911337,0.6738382489160719,0.7839237782863948,0.5769248848828525,0.5913874070133727,0.5355975415778802,0.6303385709186431,0.7987110993954645,0.39934448087463403,0.44614907526345915,0.374101641236922,0.1490749287174094,0.34082834624885927,0.13225517647859986,0.07202867881409168,0.11307967491105016,0.10199856537327548,0.08042885615768922,0.1048480610444687,0.09038030217447042,0.04290685627228691,0.09846907829365861,0.01646413343016924,0.013789664817258258,0.021562502792218274,0.021052689587227745,0.012132721459880156,0.009126379306147375,0.003630801618452865,0.005726449549213759,0.0011136521841120163,0.000342872945911863,0.00034969892580922053,0.0011337337052133552,0.0003796921315572125,0.0001775198294779944,0.0003251227561160177,0.001400171271196166,0.001572559000733264,0.0006250276030314404,0.00047519866584947573,0.0005718334558284955,0.0004403752626553366,0.0003164681727447189,0.0001747172713279966,0.00031444804813018397,0.00028080457476902643,0.0005779590448404083,0.0018629909780468515,0.0007431911045752375,0.00012444594021624583,0.0004972135286473504,0.0004835490584441103,0.0002218697455438245,0.0006633196039012491,9.999652940426317e-05,8.768452107208443e-05,1.532375158075347e-05,1.2816585059093334e-05,2.0276908564448344e-05,4.916794280579495e-06,5.303589187843652e-06,7.892914838990773e-06,2.8349927874802416e-07,1.001762075462582e-06
8,0.6508224034280363,0.8542145123502103,0.7519071502002352,0.8333542056691181,0.9056743984519529,0.9603457142202315,0.909776528911337,1.0,0.5858533512439996,0.6923486432094011,0.49307828607295334,0.5063645746406729,0.4535699080911689,0.5425730700568622,0.7048170788700722,0.3273639231956549,0.3692389388805237,0.3041139383784014,0.11099509367168374,0.2735553030709146,0.0970412933347898,0.04990296885300482,0.08153576340952172,0.07267094706339675,0.05601877301661303,0.07464925047708153,0.06349992461993773,0.028119976998824493,0.06936672407568897,0.009888728801679942,0.008182313235101046,0.013216030134989705,0.012866746712477829,0.007043478855322323,0.005133228567830832,0.001886299698963224,0.0030834278124982355,0.0005222931239245703,0.00014634701418033427,0.0001489512241489608,0.0005251404063946138,0.0001619210275591702,7.094848814090558e-05,0.00013530574742835294,0.0006571880164179815,0.0007431308709813454,0.000272556868296876,0.00020285229668591835,0.00024682568994997123,0.00018664627287922028,0.00012963378603697602,6.821698811440777e-05,0.00012839746237839895,0.00011332724652527595,0.00024657446959764446,0.000872189947187093,0.0003231345540469698,4.6272829315026266e-05,0.00020632791479458163,0.00020020585703323183,8.614801272729353e-05,0.00028153799620201535,3.619189734106509e-05,3.1042472876506167e-05,4.702890931747701e-06,3.871379834205932e-06,6.380451703411008e-06,1.3667672254487881e-06,1.4951822805165933e-06,2.2760929845260736e-06,6.290632593499201e-08,2.4667415813067576e-07
9,0.3328041751080816,0.4819188816827563,0.4016642350780124,0.4626587000165645,0.5149528775167935,0.5586198181504607,0.6738382489160719,0.5858533512439996,1.0,0.8800402204308914,0.8908874137323767,0.9092145799250961,0.8442135868962863,0.9569718541358138,0.8575035175359791,0.6753995309343059,0.7390018539444502,0.6436907174822999,0.30435139862295524,0.601629305380788,0.2770163890294064,0.16631637336173544,0.24408079313400122,0.2246341825197412,0.18396065791371197,0.2310499819545212,0.20369028899645636,0.10800452876331774,0.22073208065937522,0.046989472651064866,0.04002864335220736,0.05980918284134105,0.058623500910354606,0.03621446162547188,0.028358257621580615,0.012431485389006413,0.018780078554841872,0.004272627291949846,0.001447777945402409,0.0014791706240093656,0.0044017408647648295,0.0016034951670043974,0.0007968848774692289,0.0014044114540172706,0.005358613337258295,0.005973258544113823,0.0025785251866340775,0.002002162800614351,0.0023824751244814098,0.0018682525456524552,0.0013862276771576577,0.000799891808257232,0.0013812145986237178,0.0012467321051920987,0.002433174396471989,0.00713112524795249,0.003070445848225602,0.000593975348672158,0.00214722055254917,0.002092708601879859,0.0010189841749746365,0.0028026199585522125,0.0004881329377444337,0.0004357117198152621,8.518300203892098e-05,7.207982532671853e-05,0.00011064274629118896,2.9320833283357426e-05,3.133393836358197e-05,4.587745339992214e-05,1.9492431372609408e-06,6.469938432684518e-06
10,0.4074535322966183,0.5745368980658424,0.48618295436429926,0.554191146103886,0.6131397559326457,0.6610543550201347,0.7839237782863948,0.6923486432094011,0.8800402204308914,1.0,0.7722155116560414,0.7895638556844626,0.7261007291653101,0.8353395283197873,0.9796742469214786,0.5649799969176477,0.6236109412612676,0.5348281773430608,0.2350003889348462,0.4948803200701499,0.2115396289012219,0.12144900746279011,0.18392297224491305,0.16775728832280434,0.13499591195784671,0.17256009021453156,0.1505418835610598,0.07572295635277727,0.16363679114746277,0.030923174074155717,0.026103954898726186,0.03995550336125634,0.03908697238260283,0.023287805227113295,0.017853256057976982,0.007413769695620867,0.011478565503595307,0.0023828160379751407,0.0007602756525499235,0.0007760101034496594,0.0024386649345789187,0.0008422897688441228,0.0004021877833305355,0.0007273328964620533,0.0029956870218008935,0.003355128693483679,0.0013760586963726526,0.0010540826365603943,0.0012636090276347597,0.0009792581782422445,0.0007117765432610209,0.00039873356182224955,0.0007079802710051709,0.000634579418539416,0.0012826367855802078,0.003991766393648154,0.0016383990762166456,0.0002879594903237746,0.0011140818518498817,0.001084262408428757,0.0005073757200339052,0.0014751048317957298,0.00023301642300116402,0.00020546061794900252,3.6945346046123694e-05,3.098140899515258e-05,4.8676049256515634e-05,1.2027018314686385e-05,1.2947943946071219e-05,1.921448206886355e-05,7.063682300094053e-07,2.4802067106208302e-06
11,0.2697068076243758,0.4020565630137255,0.3295667058149383,0.3839584800249254,0.4300500514360396,0.469600137816384,0.5769248848828525,0.49307828607295334,0.8908874137323767,0.7722155116560414,1.0,0.9809659843347069,0.9533354302370989,0.9319088507347559,0.747963353820096,0.7792575943256116,0.8468284799554202,0.7464718816240691,0.37279419558278915,0.7029557333708678,0.3419924432063649,0.21190528526563257,0.30418542969423945,0.2817146993791104,0.23355369271593884,0.28971713458626247,0.25730341760551845,0.14145204204964024,0.27818659962441394,0.06414240358766217,0.05496059081737168,0.08085260746590549,0.07934846750351761,0.05015403873569215,0.03978908321308646,0.01802012734455895,0.026826692359276576,0.006435244521258135,0.002252890993199132,0.0023028316993071725,0.006652899639871479,0.002494593284403503,0.0012657027818898765,0.0022009399558172316,0.008058227661804867,0.008958473903569618,0.003977035919759058,0.003110522286680882,0.003686689110359774,0.0029092262233742622,0.0021818779449535647,0.0012782463163888182,0.0021758744696565024,0.001971103218267646,0.0037768801072820034,0.010712156280585507,0.004735098682148403,0.0009623009798142832,0.0033604594157591794,0.003277578793455823,0.0016289074719066062,0.004353103279713272,0.0007967855990997243,0.0007153870658328171,0.00014540522903768582,0.0001235335048030459,0.00018765887748064636,5.12819519164526e-05,5.4632739438225285e-05,7.952336209220124e-05,3.583520077318479e-06,1.1636817171434202e-05
12,0.2777653238209513,0.41308825628048673,0.33910939849449717,0.39470204017980803,0.44188543402928837,0.4822465703776566,0.5913874070133727,0.5063645746406729,0.9092145799250961,0.7895638556844626,0.9809659843347069,1.0,0.9339873129293382,0.9508427852520385,0.7654025500147719,0.7596859872101159,0.8269686177061953,0.7268626422594187,0.3576822102634337,0.6832884371395442,0.3273991752966783,0.20087847666373349,0.29039777514738485,0.26843955697985156,0.22168436983569773,0.27610267872211636,0.24463659017365902,0.13286895522786907,0.2647252656598561,0.059326181835130894,0.050711925948339315,0.07507191692945882,0.07364104392401671,0.04612469756677319,0.03639765604570417,0.01624573868870351,0.02434958151647631,0.005693347406477976,0.001958029076138232,0.002001001570009498,0.00587652109649289,0.0021686928296602956,0.0010871059268542833,0.0019056917736896973,0.007137205156398909,0.007945946835559575,0.0034752723362362925,0.0027069899049818,0.0032158242984376834,0.002528500247041427,0.0018847900981946593,0.0010941553758664691,0.0018787185124747054,0.0016983417774971918,0.0032893796172498726,0.009497539649202594,0.00413917937615964,0.0008169001498403194,0.0029136930013209683,0.0028406029255885843,0.0013945464781224635,0.0037909011529651134,0.0006732016121718174,0.0006021973349597703,0.0001190841823530694,0.00010086782253246397,0.00015441603529292808,4.121538714576694e-05,4.4014154685679226e-05,6.43725036263178e-05,2.7564736509975373e-06,9.133053662143435e-06
13,0.2430987402580983,0.3681713557146925,0.29906356739075757,0.35058397808168795,0.39397765254798733,0.43172990476238515,0.5355975415778802,0.4535699080911689,0.8442135868962863,0.7261007291653101,0.9533354302370989,0.9339873129293382,1.0,0.8843509925386567,0.701089677404897,0.8235784465866465,0.892909394591785,0.7903120610083803,0.4015193712365238,0.7461448046624208,0.36919397632817963,0.23070246224212554,0.3292568211750072,0.3054648425904649,0.2540611074792911,0.3141455927979012,0.27954181891736596,0.15503235113790453,0.30207292903481586,0.07088616360261996,0.06079662918303065,0.08920126856845137,0.08756317537024251,0.05556709004801781,0.04417397321658962,0.020083049343379837,0.029853192149078226,0.007190322166632488,0.0025177155215140696,0.002573640073986733,0.007435979335096319,0.0027882277093818028,0.001413540412525743,0.002459934116642805,0.009005839778781425,0.01001136677610638,0.004446983012147196,0.0034776867855991975,0.004122393029629789,0.0032525138595551053,0.0024387246089710556,0.0014274326329122389,0.0024320211880989053,0.002202837657915666,0.004223901359346355,0.011976712271847524,0.005296114030825379,0.0010736611523438455,0.0037583474056407085,0.0036655571107091257,0.0018196884203418105,0.00486960898732236,0.0008883763138770055,0.0007971751726375704,0.00016090652562764373,0.0001365777348242871,0.00020795021891447274,5.639411463401473e-05,6.012690270166581e-05,8.767570241539128e-05,3.86678052935513e-06,1.2674136275948368e-05
14,0.30037527076135506,0.44340857444307313,0.36564132664034577,0.4243305119142208,0.4743559461366964,0.516769687017391,0.6303385709186431,0.5425730700568622,0.9569718541358138,0.8353395283197873,0.9319088507347559,0.9508427852520385,0.8843509925386567,1.0,0.8115849133966616,0.7103851867163342,0.7765746173636829,0.6776462669482728,0.32154312476526836,0.6341740444234256,0.292698564661072,0.17535236974895196,0.2578512134298707,0.2372522867115474,0.19409053751059435,0.2440851498835077,0.2150434291439467,0.11343593469298031,0.23316687816987947,0.048816552131142533,0.04149510538847342,0.06233788350133611,0.06108111422458367,0.03743948566300468,0.02916989433262442,0.012582233141887627,0.0191587241217069,0.004220028553002998,0.001392943080437192,0.0014226932815117894,0.004338350305854776,0.0015434805691258056,0.0007523943134923999,0.0013433919870068365,0.005301798072351232,0.005921838090245836,0.0025018337954199887,0.0019305048203810459,0.0023054079797856348,0.0017977499647145758,0.001321146179090533,0.0007510242209035273,0.0013153837520389984,0.0011832979812183171,0.0023490136797059075,0.007067461712099128,0.002981044555557317,0.0005498794355434166,0.0020587183668819564,0.0020050810459150584,0.0009570264421746863,0.0027055497027292214,0.00044817761683034084,0.00039742667528994347,7.382235532456377e-05,6.210180808944416e-05,9.676285561565994e-05,2.447728902803353e-05,2.628692556350446e-05,3.8854540649071944e-05,1.4827582003299236e-06,5.141145284538442e-06
15,0.4119596803512521,0.5835339082704889,0.49276065752366016,0.5626407022845996,0.623261587379179,0.6725369827684144,0.7987110993954645,0.7048170788700722,0.8575035175359791,0.9796742469214786,0.747963353820096,0.7654025500147719,0.701089677404897,0.8115849133966616,1.0,0.5387614287468363,0.5972090382239544,0.5083906955046553,0.21446035139337127,0.46814056971886675,0.19173936900477662,0.10684649423958438,0.16529553643642303,0.14988204618100137,0.11918052230758226,0.15418952156627583,0.13356364606529247,0.06466838410155343,0.14549844597905012,0.025095065972753332,0.021020936373146067,0.03283544271375214,0.032069422343066555,0.018523260698038023,0.013932284170318521,0.005497551103607078,0.008714585952440498,0.0016503942788793822,0.0004932126388285169,0.0005028054251431197,0.0016765322684515209,0.0005464092955945243,0.0002491969480552955,0.0004641161433346819,0.0020789469280804657,0.0023397819810898396,0.0009079427829755037,0.0006850893458848224,0.0008279542942102724,0.0006332877354543583,0.00044949578784497985,0.00024326158577023962,0.0004461618400100596,0.00039663238074617873,0.0008342817250391834,0.0027714708215297594,0.0010801864743406068,0.00016975604436740015,0.000711292858074122,0.000691137478758709,0.0003087854230687652,0.0009571490390191232,0.0001347370692346222,0.00011695154764491223,1.888524993255728e-05,1.564632879548254e-05,2.5356886072542757e-05,5.698405033011688e-06,6.200154245375466e-06,9.36673242088795e-06,2.801431088685405e-07,1.0684562124216757e-06
16,0.1647753190283201,0.2626595442623376,0.2069939612279097,0.247577361600116,0.2809679939528087,0.3114264848263689,0.39934448087463403,0.3273639231956549,0.6753995309343059,0.5649799969176477,0.7792575943256116,0.7596859872101159,0.8235784465866465,0.7103851867163342,0.5387614287468363,1.0,0.9272611460459269,0.9666733789325782,0.5335009320889144,0.9224783982798452,0.4962110166792617,0.3251273068738727,0.44873635109640286,0.42017307582809615,0.35597128575203174,0.4318634632014633,0.38862820760257044,0.2275393822802655,0.4182520329090128,0.11063021132994691,0.09572113479477629,0.13719904281081266,0.13492233641146806,0.08855463961416615,0.07173291155282281,0.034190775465166114,0.04975370758588119,0.01292492013117029,0.004735222658142868,0.004843257235847011,0.013427760655664344,0.005241466500153381,0.002732970457043231,0.004669982070675079,0.01614546013399295,0.01787902047948095,0.00825837244479967,0.00652330715168922,0.007689840102768991,0.006120321222479888,0.004656169424738402,0.0027817736557416576,0.0046486717861186164,0.004231086664331819,0.0079112871965501,0.021423909044889035,0.00983006372506325,0.002130486500972162,0.007117301293529263,0.006948662279862961,0.0035467250570717446,0.009125849475963923,0.0017802395905769876,0.0016096302830423156,0.00034144062171372313,0.0002912622065113361,0.0004377513388878046,0.00012327598490308132,0.00013094547941598902,0.00018959302755092744,8.948591730660544e-06,2.8625565521145257e-05
17,0.18867563040734292,0.2968600646769797,0.23583966283998836,0.2806282174875301,0.3177653401958057,0.35116727342454634,0.44614907526345915,0.3692389388805237,0.7390018539444502,0.6236109412612676,0.8468284799554202,0.8269686177061953,0.892909394591785,0.7765746173636829,0.5972090382239544,0.9272611460459269,1.0,0.8932778665727868,0.47167834262161634,0.8481488820917743,0.4359263223378911,0.27755566723411806,0.39107838565707376,0.3642190046024426,0.30509711906368764,0.37457170007999363,0.3347542594954026,0.1892600088192472,0.3613092110143903,0.08807230550943396,0.07568160859358326,0.11043930719079602,0.10846697938619775,0.06939810293624026,0.05539639087909738,0.02536116560901186,0.03760423750545182,0.009108250172744678,0.003181185402128442,0.0032520836968079007,0.009424632012929953,0.0035243938772157846,0.0017795281234723333,0.003107066138301501,0.011416857736635509,0.012692862036129085,0.005631711294289719,0.0043999033002374115,0.005219278504701106,0.0041137441145582395,0.0030793605268475436,0.001795610359807872,0.003070671802506109,0.0027793559857069825,0.005348465396102592,0.01520113732755212,0.006712185108122793,0.0013457167956387895,0.004755853627944263,0.004637792188020631,0.0022911709551039416,0.006170055307627194,0.00111066930376106,0.000994627120128229,0.00019640415639479443,0.0001662427430539634,0.00025490005005171973,6.755175236646725e-05,7.219794647823787e-05,0.00010582350422835656,4.385814793494832e-06,1.4762987677865408e-05
18,0.15066351384975937,0.24336387446593344,0.19028477177334946,0.2287750323573703,0.26025567508272796,0.28930432798594796,0.374101641236922,0.3041139383784014,0.6436907174822999,0.5348281773430608,0.7464718816240691,0.7268626422594187,0.7903120610083803,0.6776462669482728,0.5083906955046553,0.9666733789325782,0.8932778665727868,1.0,0.5581177620698544,0.9558158827107565,0.5198477920783549,0.3423910957002364,0.470888533391543,0.44138497867388093,0.3746795888524974,0.45365875164170966,0.4087332045904405,0.24054764904329595,0.4397351563867934,0.11744964093316096,0.10166051515452044,0.1455451366322883,0.14314716374202985,0.09411705457651405,0.07629855506323392,0.03639194224253258,0.05295323595632195,0.01374083671261004,0.005018801650023856,0.005133360139866974,0.014275888303041193,0.005556484860860799,0.002888890558567479,0.004947105939214657,0.01717232366204449,0.01902018479255134,0.008766424992577591,0.006918831440374737,0.00816049418200434,0.006489703886669818,0.004930802342694626,0.002938695948152506,0.004922503097726264,0.0044781248984628414,0.008394635733856173,0.022800092455164445,0.010438596710342607,0.0022457480582395222,0.007546788497936196,0.007367233639368909,0.0037484636467830018,0.009686021885897846,0.0018738872149106044,0.001692424545315655,0.00035505864395178415,0.0003024719681121608,0.0004561449617005042,0.00012705711510985538,0.00013511175984070217,0.00019610551410405086,8.998310449507809e-06,2.9127952151123588e-05
19,0.048568112527221145,0.08817295738698105,0.06403613018504903,0.08061070200365947,0.09321819531312038,0.10628132417442623,0.1490749287174094,0.11099509367168374,0.30435139862295524,0.2350003889348462,0.37279419558278915,0.3576822102634337,0.4015193712365238,0.32154312476526836,0.21446035139337127,0.5335009320889144,0.47167834262161634,0.5581177620698544,1.0,0.5901476563071644,0.9586782888574242,0.723489211489643,0.9010341210710595,0.8655100788264601,0.7750357389648064,0.8855175681690709,0.8247593292218494,0.5715591666380138,0.8727157371839865,0.3403479735114918,0.3041859301930201,0.4006848435441773,0.3962471547930242,0.29157850493825865,0.2514202086530164,0.1426420406003157,0.1913287509122562,0.06658954951171143,0.029492844407763976,0.030194467414868774,0.06999989449394876,0.03244910822723886,0.019115133353817322,0.030014703044835937,0.08154893154291847,0.08877281302585628,0.04812175257280811,0.03969756019019909,0.04560795103869266,0.03774285964069303,0.030501010566774595,0.01998204823431083,0.03056996467895382,0.028400486728137383,0.047465081101432126,0.10574469023846052,0.05667801168546856,0.016492083476564022,0.04447447069238184,0.04361695574625979,0.025220845815804693,0.054446201634889495,0.014384842174246267,0.013427788892051406,0.0036658566364789463,0.003210218481498079,0.004508745698360982,0.0015558024944689137,0.0016220628236341538,0.0022496869793781605,0.00016107129781818728,0.000440093776352502
20,0.13235902658760265,0.21811537727993313,0.16851681810585561,0.20419726365213753,0.2331155415293129,0.2602616852133768,0.34082834624885927,0.2735553030709146,0.601629305380788,0.4948803200701499,0.7029557333708678,0.6832884371395442,0.7461448046624208,0.6341740444234256,0.46814056971886675,0.9224783982798452,0.8481488820917743,0.9558158827107565,0.5901476563071644,1.0,0.5505121770924561,0.3643318622017159,0.4994980440160949,0.46869381202748406,0.3985630585569926,0.4817548637134431,0.43451439939937764,0.25672255470612193,0.467382729819377,0.12549908213941544,0.10859734071633494,0.15555232094957935,0.15299432168172825,0.10054450088441404,0.08145872095024961,0.038690602266431263,0.05643220498292684,0.014481593673024812,0.005229272821117027,0.0053483736161999695,0.015038586782774553,0.005792161228668072,0.002984231283974216,0.005143571695398413,0.01812024061047597,0.020087880970998,0.009175920924589336,0.007221367766319043,0.00853211503017852,0.00676737431885883,0.005119665813172842,0.003029098397079621,0.005109604584187719,0.004641104559346398,0.008770910704269386,0.024094649651722186,0.010934892127616445,0.0022997156844017427,0.007863572494679604,0.007674007383065374,0.0038670323413602385,0.010124997246002075,0.001911197769410213,0.0017206942129880604,0.00035100221089789854,0.00029803319973562817,0.0004532255967850151,0.000122945400435375,0.0001310942652847417,0.0001913643970804836,8.23101462380366e-06,2.736496034085058e-05
21,0.0416651089088754,0.0771026529272858,0.05531112550282097,0.07015278600330095,0.0813041652136304,0.09306824038171295,0.13225517647859986,0.0970412933347898,0.2770163890294064,0.2115396289012219,0.3419924432063649,0.3273991752966783,0.36919397632817963,0.292698564661072,0.19173936900477662,0.4962110166792617,0.4359263223378911,0.5198477920783549,0.9586782888574242,0.5505121770924561,1.0,0.7604343326557829,0.9418886942248523,0.9060094862697892,0.8136906836852705,0.9267019999176631,0.8647238730664789,0.6042401164693176,0.9141462081580315,0.3627337636151595,0.3245384760861899,0.4262498996159504,0.42161912751136066,0.311470112390864,0.26908551294288385,0.1532735791199682,0.20525933123499673,0.0717318859509893,0.03176574622494928,0.03252354619773029,0.07542854296389952,0.03495734582297116,0.020569373925587636,0.032333691836057624,0.08786397550269344,0.09564016888550696,0.05187255770088283,0.04278452993560759,0.0491634078750687,0.040675803139446624,0.032861207332581,0.021503854459450817,0.03293610422265764,0.03059389939720327,0.05117606540753092,0.11396659680389144,0.06111725833453604,0.017733083683230864,0.047957202584469526,0.04703118383480687,0.027160300273576847,0.05872371007401079,0.015456408688551127,0.014420989095905416,0.0039044641255796832,0.003415486023658107,0.00480995475321368,0.0016447856124070862,0.0017161690934053425,0.002385867269387687,0.0001663616374489689,0.000459740291207879
22,0.020185907922448447,0.039958231349065586,0.027399368541342832,0.03568452256607164,0.041589861833012255,0.04827171239727347,0.07202867881409168,0.04990296885300482,0.16631637336173544,0.12144900746279011,0.21190528526563257,0.20087847666373349,0.23070246224212554,0.17535236974895196,0.10684649423958438,0.3251273068738727,0.27755566723411806,0.3423910957002364,0.723489211489643,0.3643318622017159,0.7604343326557829,1.0,0.8148801353532238,0.8487815515076227,0.9417774475157183,0.8262491794756708,0.8884631924794937,0.8348510643909296,0.8357341608390906,0.5478781692600124,0.4978465727596425,0.62834814726491,0.6229315951003653,0.4839803234642538,0.42927067797309715,0.2647052508753015,0.3412544654295886,0.13638264884534412,0.06594228411184279,0.06749904695355928,0.14376120966708883,0.07224185399842475,0.044945537524265174,0.06783707840634495,0.16487303236584627,0.17793104088844602,0.10385641885188043,0.08742489352280328,0.09918514250175639,0.08361432274182842,0.0693768580039616,0.04738766459190648,0.06962515404907796,0.06526356896341229,0.10353548015373064,0.21027956976775464,0.12132957922604154,0.04031038266994805,0.09857558611944857,0.09687734799676247,0.05930348228966044,0.11808653353790848,0.03578794921586553,0.0338259216528415,0.010296059857540396,0.009114759764546513,0.012446360766259271,0.004669096589217653,0.004834845346721168,0.0065816780624541864,0.0005557228987108183,0.001429806172158902
23,0.03429316438529946,0.0648596711029539,0.04586894843612936,0.05867780221582261,0.06815625800153507,0.07837129208087944,0.11307967491105016,0.08153576340952172,0.24408079313400122,0.18392297224491305,0.30418542969423945,0.29039777514738485,0.3292568211750072,0.2578512134298707,0.16529553643642303,0.44873635109640286,0.39107838565707376,0.470888533391543,0.9010341210710595,0.4994980440160949,0.9418886942248523,0.8148801353532238,1.0,0.9640341513121687,0.8700962123455248,0.9854979204299413,0.9224708725560862,0.6541570325382318,0.9734772604643349,0.39926828180513063,0.35815684865011554,0.4672015878943607,0.46232583245785386,0.3445995351248681,0.2990747556913377,0.172472131910146,0.22966385035696024,0.08179286740503984,0.036594406739443835,0.037469001781453425,0.08606050704023728,0.04025853988833764,0.023825500440462034,0.03730537243084612,0.10005972200193303,0.1088012152592221,0.059549870859228145,0.04922846427726697,0.05649212056673712,0.04683370434103525,0.037948484632564325,0.02493761994157279,0.03804196941050021,0.0353709352986267,0.05883847641577728,0.12958050066116567,0.07011919267436635,0.020629852400466872,0.05525149251055093,0.05419698571119627,0.03148419182015089,0.06749341502267656,0.018011906510424724,0.016825977166378667,0.004590447971029107,0.00401801427691575,0.00564914920368042,0.001939919598678801,0.0020233965443766768,0.002811116510412287,0.00019657016893359603,0.0005432309094378245
24,0.030153362557254017,0.057875859460122865,0.040534230867357975,0.05215440651501963,0.06066255258363519,0.06996580744550158,0.10199856537327548,0.07267094706339675,0.2246341825197412,0.16775728832280434,0.2817146993791104,0.26843955697985156,0.3054648425904649,0.2372522867115474,0.14988204618100137,0.42017307582809615,0.3642190046024426,0.44138497867388093,0.8655100788264601,0.46869381202748406,0.9060094862697892,0.8487815515076227,0.9640341513121687,1.0,0.9051716051288557,0.9780760031539266,0.9583246225116063,0.685401755605025,0.9897344028070855,0.4222598518435716,0.37932013109741736,0.4929507526799608,0.48792441880384796,0.36547008042676454,0.3179785702686121,0.18455867333299858,0.24504584678934194,0.0880891009208524,0.0395852122865066,0.040532723097213445,0.09271667955734281,0.04354537937871619,0.025826890956433406,0.04038268412915533,0.10770681684065656,0.1170603877268833,0.06433350440396977,0.053232974307637966,0.06105483344320584,0.050657517399950086,0.04109617599767613,0.02704688725922205,0.04120088800083049,0.03832247863410405,0.06360990195944614,0.13939579553072196,0.07573816980855415,0.022400122694938265,0.05978723026927613,0.05865150869506391,0.034147467124502076,0.07296262374828875,0.01956811525674702,0.018286964546154597,0.004993826361612061,0.004370913116011416,0.006145591536773871,0.0021088357014729187,0.002199731299439587,0.0030572843587893654,0.0002124364926055613,0.0005889930071336949
25,0.022728478143883665,0.04477905747612775,0.03081275773359493,0.04005544349790748,0.046681170871102844,0.05412819953474917,0.08042885615768922,0.05601877301661303,0.18396065791371197,0.13499591195784671,0.23355369271593884,0.22168436983569773,0.2540611074792911,0.19409053751059435,0.11918052230758226,0.35597128575203174,0.30509711906368764,0.3746795888524974,0.7750357389648064,0.3985630585569926,0.8136906836852705,0.9417774475157183,0.8700962123455248,0.9051716051288557,1.0,0.8825763141281795,0.9460859741073164,0.7752734887339301,0.8929739774727273,0.494563981044003,0.4469752928303663,0.5718906216492903,0.5665620109333719,0.43283879448257456,0.3805076424544862,0.22784194121550017,0.2980302882762226,0.11294075609700382,0.052538715496819675,0.053792526423723036,0.11899800924966995,0.05769608112258721,0.03498083909089329,0.05382965536866186,0.13739514734589017,0.14882560118795388,0.08419314830935741,0.07022728099007894,0.08014425936471212,0.06698772294589689,0.05492162701028751,0.03676219756086663,0.05509080333716547,0.05142673568764064,0.08359785574787744,0.17666933741632496,0.0987982935753159,0.03082692211019029,0.07907619002433909,0.07763895604584577,0.046253910824932985,0.09567136456919494,0.027128103997842407,0.025484553122390542,0.007289123799272992,0.006410173833166265,0.008903289883774373,0.003169414744093901,0.003295843871060242,0.004543165098302138,0.0003405200432697977,0.0009177248453955594
26,0.030906690809559826,0.05942646698146842,0.04157935170002823,0.05353602088303282,0.06228939543407316,0.0718668502121652,0.1048480610444687,0.07464925047708153,0.2310499819545212,0.17256009021453156,0.28971713458626247,0.27610267872211636,0.3141455927979012,0.2440851498835077,0.15418952156627583,0.4318634632014633,0.37457170007999363,0.45365875164170966,0.8855175681690709,0.4817548637134431,0.9267019999176631,0.8262491794756708,0.9854979204299413,0.9780760031539266,0.8825763141281795,1.0,0.9359226376611152,0.6624823406807545,0.9879629999495921,0.40221236288736717,0.3603019008904186,0.4715460705709742,0.4665626544489673,0.3463790660412229,0.29991123724142477,0.17132033916008294,0.22926735611044702,0.0800275439469541,0.035181983409499844,0.03602664592782338,0.08418811143953649,0.03874794632623594,0.022639395215888026,0.035791821394006544,0.09816247188325102,0.10690263815623427,0.05771607656203094,0.047509188208484106,0.05466936186741647,0.04514076736366959,0.03636423654438926,0.023653082124920562,0.03644438038659798,0.03381552595870979,0.056918514581955286,0.1275608405772102,0.06809707988377584,0.019416677498836424,0.053281150201544274,0.0522400711664757,0.029940065861264607,0.06539191446404308,0.016870502988562425,0.015705012223784127,0.0041318266140973935,0.003601818219018699,0.005117010547396303,0.0017004319756235191,0.001778670646639629,0.0024904814834983634,0.0001607658506793242,0.000458875986316487
27,0.025954993607783503,0.05066318124355488,0.035087128342238545,0.04544557408600734,0.05293482076853986,0.06126305122365925,0.09038030217447042,0.06349992461993773,0.20369028899645636,0.1505418835610598,0.25730341760551845,0.24463659017365902,0.27954181891736596,0.2150434291439467,0.13356364606529247,0.38862820760257044,0.3347542594954026,0.4087332045904405,0.8247593292218494,0.43451439939937764,0.8647238730664789,0.8884631924794937,0.9224708725560862,0.9583246225116063,0.9460859741073164,0.9359226376611152,1.0,0.7224200139111592,0.94711213032012,0.4500508363210789,0.40498479246284513,0.5239110012439359,0.5187181104206413,0.3908398905660073,0.34107444440844037,0.19954088006754944,0.2639844903875881,0.09601633762584758,0.04339899975365354,0.04443942985506005,0.10110046523102287,0.047734238220826355,0.028396826508772805,0.044312925316722485,0.11731566311011535,0.12742440567486546,0.07040318616398634,0.05832883799384715,0.066850621843875,0.0555275499591079,0.04512004605576862,0.029758711511186045,0.045239884561884144,0.04210101986772634,0.06967360416463676,0.15169661070514318,0.0828595011425683,0.02468552418254908,0.06556487951795671,0.064327397108785,0.03756798164668513,0.07990760370098744,0.02158194727021041,0.02018076670083155,0.0055240202101906315,0.004835398778914483,0.006796673943485673,0.002332750220880123,0.002433266549420384,0.0033825371267354703,0.00023389455614469047,0.0006503105996164847
