,1,2,3,4,5,6,7,8,9,10,11,12,13,14,15,16,17,18,19,20,21,22,23,24,25,26,27,28,29,30,31,32,33,34,35,36,37,38,39,40,41,42,43,44,45,46,47,48,49,50,51,52,53,54,55,56,57,58,59,60,61,62,63,64,65,66,67,68,69,70,71,72
1,1.0,0.728518611345178,0.9681054863361896,0.8349311419875288,0.9674335438913672,0.8948814370269367,0.6549637228019156,0.798047615704636,0.7241486517526671,0.6173035455809127,0.48263535598817797,0.5043951784021683,0.38776375963095444,0.3920853496529606,0.45453557279191503,0.16177511972767067,0.2634571797419153,0.12158481246872316,0.10830157597037515,0.17402800813036856,0.09316806872074006,0.051377424834097976,0.06173996608124867,0.09836230929010743,0.10227008528874053,0.03806318575131771,0.03381304441646995,0.013005120198239179,0.03968248309331166,0.011885121479920163,0.007948583403133112,0.011437094944921464,0.014842416063721067,0.009496137072725733,0.009872058803017256,0.005755403782868755,0.01867444281595012,0.011834018357237979,0.00575617195802069,0.0022313909743838464,0.01482252711219203,0.004588530427457671,0.0029890788687832706,0.0019759734542382596,0.008196679669697886,0.004393775474713586,0.003198585263559503,0.0029142274222321934,0.0040951955498414495,0.0043377196848256175,0.004098054821451344,0.002280329621514384,0.0018300141924926477,0.0017474709529965448,0.0037737342027906228,0.0053517599313604395,0.0027450107778681115,0.001263456786862293,0.0037406792724141644,0.0023451357402267934,0.0007057046319238337,0.0034368770104815823,0.0006361432102438218,0.00021514622407224222,9.905538034676116e-05,0.00014688323924250045,0.00012452508205157333,0.0002506228773764161,5.068782704569725e-05,9.694814499200668e-05,1.4717482460640345e-05,6.700964949669057e-05
2,0.728518611345178,1.0,0.7559328511232551,0.8868290276423837,0.6906207339398209,0.8215609439931023,0.9268519287857914,0.9148563853363316,0.9932930131153498,0.8903184616200881,0.7331370167616722,0.7604338220034305,0.6165029035610903,0.6230630986856468,0.7035704317797895,0.3005193522367777,0.4530797794942364,0.2368889573980303,0.21461638315275544,0.32288323111172446,0.1897439925986777,0.11399395742184042,0.13380132426657335,0.2003013650621558,0.20732330563890666,0.08870559575240075,0.07994025483454394,0.03458398161322602,0.09266215744938033,0.03208703684292616,0.022355478099937594,0.0311247116277389,0.03924236731760749,0.026524379059651215,0.02766574965440435,0.01712518147010832,0.04875392753512417,0.032628327944266046,0.017175964527201895,0.007357694842302117,0.040217011053132114,0.014117184940339478,0.00963748625264727,0.006682251657002301,0.023898341130156774,0.013746632882224595,0.010364039199667923,0.009521536831037604,0.012958623851082497,0.013606193023150269,0.012993278104077364,0.007673603659953607,0.006313102347533397,0.006065989457557296,0.01215982323390908,0.016727686760172947,0.009162427265390266,0.004572211067392275,0.012197188511859854,0.008027946537084928,0.0027100458217892585,0.011329869259303646,0.0024714028731930957,0.0009281547508463824,0.0004549745806544765,0.0006534032893474706,0.0005605805012288919,0.0010677196082010771,0.00024533575095497324,0.0004482347930692153,7.845584347976597e-05,0.00031731472449317944
3,0.9681054863361896,0.7559328511232551,1.0,0.8648183860908001,0.9342921898014773,0.9263765657886414,0.6810837476331411,0.8281736437476779,0.7524793499805223,0.6427760604386281,0.5036981073172893,0.5262924465660873,0.40533161965858355,0.40987356510567186,0.47484417958986,0.16936756198539105,0.2758665592826426,0.1272176474679903,0.11327588506756203,0.18226144362740082,0.09738990581626068,0.05352503140390134,0.06439453540260845,0.10284254189793542,0.10694664602620149,0.03955391642563912,0.03510464890703363,0.013377239445493691,0.04123815519171359,0.012208517599195674,0.008130384568339012,0.011739747266269642,0.015277614580568862,0.009722182638694715,0.010104608234356034,0.005850876018683385,0.019248859070162418,0.012134260189870471,0.005849839880277871,0.0022373951404797508,0.015225740464537302,0.004645566069889469,0.0030070636276017405,0.0019739571977393133,0.008354836922920631,0.0044391073650380366,0.003215923461129621,0.0029264642310897703,0.004131227831784736,0.004381007774527019,0.00413307454874598,0.002279905385217497,0.0018226053508025022,0.0017386759642217127,0.003797643545913353,0.005408880973352116,0.0027481615809544285,0.0012484597914439893,0.003758341668455216,0.0023388246908734906,0.0006898959299874238,0.0034476046803505103,0.0006205265774677849,0.00020537973107874285,9.320700870843133e-05,0.00013925006374517905,0.0001177293130544389,0.00023990513961474758,4.708454371818455e-05,9.108011329533483e-05,1.3322219119756027e-05,6.258808953264125e-05
4,0.8349311419875288,0.8868290276423837,0.8648183860908001,1.0,0.7980949813964224,0.9352352979494297,0.8114946269324157,0.9674540127254753,0.8888021616633641,0.7733505844341154,0.6219338727440731,0.647425980022964,0.5120572340009835,0.517700363754023,0.5920092418175151,0.2312778455714204,0.36254690871203077,0.17792496038581274,0.15976910991952642,0.2488368895815236,0.1392774501385877,0.07989769991030085,0.09500626841981256,0.14711371299549922,0.15264900628527772,0.06053139850538574,0.05410709041465903,0.02186769112139923,0.06318981748298921,0.020112248157762386,0.01366854609364831,0.019419955380804196,0.024911438785736817,0.016296413044099057,0.016970638947824357,0.010125720264356609,0.031207693764073542,0.02021773590146545,0.010139402352074021,0.004077182523684767,0.02517639850072288,0.00817839486234579,0.005420040679118567,0.0036448582333794425,0.014323510489088677,0.00788472775537206,0.005813646439548129,0.005312190204361022,0.0073808592977397895,0.007791945768274047,0.007392085344181784,0.004200993141983599,0.0034008365245352785,0.0032545925677065065,0.006849480663494385,0.00961076992570504,0.00504542865446573,0.002387234055288052,0.006822198264367146,0.004350322820477356,0.001359316501394783,0.006293103980054305,0.001229874853795554,0.0004292026648441195,0.00020100075855481375,0.00029550600801593884,0.0002513175348812911,0.0004982148275270961,0.00010424292666498462,0.00019710396737839916,3.096706967637578e-05,0.00013705110932211184
5,0.9674335438913672,0.6906207339398209,0.9342921898014773,0.7980949813964224,1.0,0.8584715108812293,0.6154226718937293,0.7590196415731382,0.6842599724701941,0.5766911706802931,0.44305343742062986,0.4642729505602239,0.3500623680932651,0.3540382226128246,0.4144976537354135,0.13662027943134336,0.23039308665396285,0.10029854411872284,0.08857140287224739,0.1470308564658582,0.07509929648457571,0.039468300148757164,0.04807796270334242,0.0792726175974725,0.08261715801181747,0.028373902656074677,0.024981683286672857,0.008882084211937548,0.029534322895325288,0.008027925056238854,0.0052123360926102915,0.007679311271433895,0.010172257223414858,0.006253662199648081,0.006481805009875213,0.003609610915225746,0.012900319341759928,0.007861582286435383,0.003601288351934972,0.001285838780515889,0.009955668604989887,0.0028000963711925053,0.0017544997463879199,0.0011126562958762266,0.005215256598353873,0.0026421052370230475,0.0018676852139262816,0.0016898514811027126,0.0024387512998127977,0.0026026081128342547,0.00243601041275805,0.0012884514284704739,0.0010112899832112163,0.0009601546817394059,0.002211543346675725,0.00321493746841191,0.0015604588519625398,0.0006676537922780888,0.0021679345257926493,0.0013026621103799903,0.00035228774740154095,0.0019728510770691287,0.0003139138701934123,9.529367808545775e-05,4.09979012734284e-05,6.296335649447396e-05,5.2703173024691925e-05,0.0001124813501384855,1.9775448094492355e-05,3.9807449050052215e-05,5.1160440493142245e-06,2.6804901343034646e-05
6,0.8948814370269367,0.8215609439931023,0.9263765657886414,0.9352352979494297,0.8584715108812293,1.0,0.7445330907791925,0.8997780873986008,0.8206192155623367,0.7052014930908856,0.556670998459543,0.5811507726308757,0.4505129153843712,0.4556044684760421,0.5263672645794543,0.1905383757409611,0.3090519566991018,0.14336909188589905,0.1276920265860481,0.20518901774059073,0.10984318456410651,0.06028893802936382,0.07259053503917773,0.11604968359288545,0.12068952624353407,0.04446966620668664,0.039430643415015544,0.014865070190317499,0.04637439014239168,0.013543389111730636,0.008968195007537452,0.013011560748205314,0.016994099335951814,0.010738795069568896,0.011158513534703533,0.006399696716594482,0.021454389461668874,0.01343271590047803,0.006395853090385439,0.002397988007063478,0.016897490298446078,0.005051547027844803,0.003239144934267066,0.0021037066837527258,0.009174620414302058,0.004812503434409803,0.0034611532628601067,0.0031438118305530363,0.0044687794209186844,0.004747184838587858,0.0044691366245021074,0.002432910349769999,0.0019332964875932608,0.0018414263575067963,0.004093011077060843,0.0058675201024985454,0.0029386515283905843,0.001307933681916101,0.0040409205107931395,0.0024861236722513638,0.0007104336950137968,0.0036978117952068948,0.0006367168068832447,0.00020335662678435795,9.008983834292501e-05,0.0001362978205612625,0.0001147052345238971,0.00023863081287229916,4.452825100672338e-05,8.779275457199038e-05,1.205201349536799e-05,5.974318432806362e-05
7,0.6549637228019156,0.9268519287857914,0.6810837476331411,0.8114946269324157,0.6154226718937293,0.7445330907791925,1.0,0.8369012142112984,0.916825433422167,0.9637338760574772,0.7995711697974242,0.8285536009889193,0.6762798573113227,0.6834967933822211,0.7694749181116253,0.33389645981494565,0.5010721409388108,0.2636935177000975,0.23897525168713973,0.35896280931323044,0.21140799954455036,0.12684581135407358,0.14901271048771061,0.2232890130143188,0.23113166586153266,0.0985323089616126,0.08870749844091105,0.03794048431226735,0.10296930302814397,0.03514291216688592,0.024330513430434696,0.0340602279166363,0.04311233435581051,0.028925653612260075,0.030172140926612925,0.018486420759621817,0.0537032307965286,0.03568383435854977,0.018535314261009274,0.007771399705402781,0.044118735274615746,0.015150127084545134,0.01023915172530612,0.007020301333127088,0.02593002880327057,0.014714356703691294,0.011008440108168246,0.010092725222580926,0.013840901829581021,0.014557347738479314,0.013874089083657223,0.008077797302595262,0.006603995957292589,0.006335623714511494,0.012944441187276523,0.017937819936305832,0.00967301152598232,0.004722891425107388,0.012959671616824018,0.008426579192512723,0.0027485768698956455,0.012008536697579708,0.002497218703558617,0.0009027856209418589,0.0004309267140966036,0.0006274924385750441,0.0005355602644374092,0.0010437860872578102,0.0002268407623080059,0.0004234587793221078,6.909454686090286e-05,0.0002964157951913956
8,0.798047615704636,0.9148563853363316,0.8281736437476779,0.9674540127254753,0.7590196415731382,0.8997780873986008,0.8369012142112984,1.0,0.9180046738752721,0.7973650680611057,0.6384671061708198,0.6652716771822089,0.5229702060514569,0.5288800961919062,0.6070380297080071,0.22923921365625854,0.36581024187159217,0.17414347445116052,0.15558306978705455,0.24699294650478876,0.13453344664269556,0.07486114797964942,0.08983171502547542,0.1422099173403032,0.14779362435307197,0.05561953666678814,0.04940229505834032,0.01884841628235778,0.058043243813594145,0.017196851141216756,0.011416219362304223,0.016534197458512215,0.021548926222430195,0.013673123020560668,0.014215928841516406,0.0081770389765736,0.0271985130276253,0.017099850528739663,0.008174050878810995,0.0030700833590613786,0.021499222123665916,0.006463788925854881,0.0041479903255007234,0.002694117868272678,0.011723497675086006,0.006163350506856128,0.004434548277015646,0.0040277983834705175,0.005725057058503103,0.006080275285715936,0.005726158209878633,0.0031170036533139747,0.0024761171807898123,0.0023582476657119556,0.005246588586450681,0.007521328324841077,0.0037668571053090043,0.0016732488831281579,0.005182348528850896,0.003186715430281852,0.0009060302269763608,0.004742547335650718,0.0008114050714240864,0.00025663959536988086,0.00011276468396417592,0.00017135485605160008,0.0001439777968468864,0.0003015922114260731,5.528247037115131e-05,0.00010978785098171413,1.4691609387930649e-05,7.443623527049647e-05
9,0.7241486517526671,0.9932930131153498,0.7524793499805223,0.8888021616633641,0.6842599724701941,0.8206192155623367,0.916825433422167,0.9180046738752721,1.0,0.8784147418976272,0.7148803523398416,0.7430818891534947,0.5941117439039224,0.6007032802763037,0.6836246434758273,0.274204255047246,0.4263317531591604,0.21173588494715467,0.19028445286013473,0.29529686108780795,0.16612113228001735,0.09530077096117728,0.11339836466444432,0.17559833426156002,0.18220490771060527,0.0720904492469297,0.06436949067574016,0.025664520532566997,0.0752955340412588,0.023554148845866513,0.015882492161242514,0.022718101061248958,0.02928458350666067,0.018979147094094786,0.019762651684051852,0.011637186063295118,0.036799399625665905,0.023625729286633024,0.011647119398245765,0.004553330955728657,0.029529855889564603,0.009324915970824523,0.006098234306179842,0.004039512746829141,0.016562353394684787,0.008955773007367222,0.006535944437198068,0.005956194976765943,0.008358329013305769,0.008844638164575414,0.008367329003447103,0.004666195120339751,0.00374538319173304,0.0035765798242577917,0.007719393226436954,0.010934234167566713,0.005623103918150179,0.0025834083707578994,0.007665683009350732,0.004809003620437933,0.0014347824630847928,0.007047271954368252,0.0012914673505709817,0.00042772662642019064,0.0001932194666286116,0.0002894593476535524,0.0002444746797717155,0.0004998977749731465,9.698227938585264e-05,0.00018873922225449356,2.695093245322808e-05,0.0001292972567613776
10,0.6173035455809127,0.8903184616200881,0.6427760604386281,0.7733505844341154,0.5766911706802931,0.7052014930908856,0.9637338760574772,0.7973650680611057,0.8784147418976272,1.0,0.8313762587961135,0.8613813024608202,0.7039949786369977,0.7115772590071661,0.8008287223108932,0.34677190063168073,0.521824225344419,0.2731817051255033,0.24727216456070378,0.373101446758928,0.2183525210875964,0.1298823645204015,0.1530136427411446,0.23075524027923378,0.23897236683369416,0.10030452771884996,0.09010818012534243,0.037755625025359146,0.10484642639454042,0.03487360810012276,0.023922261813385564,0.033750045079012095,0.04297909296845331,0.028507934560442608,0.029728932780898405,0.017953239601754104,0.05372484753537968,0.035298400608318264,0.01799082002648298,0.007334252123144615,0.04382511344133345,0.014591968176346982,0.009732673722498107,0.0065779427930111245,0.025341392056828862,0.014117114781337184,0.010455898512333849,0.009561445286969235,0.013239531954238704,0.013957395113276648,0.013265425637091724,0.007584753833353206,0.006152102872945206,0.005890428062318442,0.012323900456718724,0.017236683982429096,0.009111753810403852,0.004330693684483018,0.012302957213932863,0.007877748239475919,0.0024657555045213327,0.01136332543567766,0.0022303360978475095,0.0007716090216902935,0.0003575919281856244,0.0005287525884952776,0.00044872355716177054,0.0008971850797594759,0.0001833407323346988,0.0003503200203475723,5.298080764097309e-05,0.00024227013871034426
11,0.48263535598817797,0.7331370167616722,0.5036981073172893,0.6219338727440731,0.44305343742062986,0.556670998459543,0.7995711697974242,0.6384671061708198,0.7148803523398416,0.8313762587961135,1.0,0.9686676997489455,0.8685632312222115,0.8773445177427459,0.9720061718433476,0.4687062666932963,0.6729467313477981,0.37989548083430613,0.34747623082578716,0.5030141089845308,0.3118123651967897,0.19557825468573675,0.22699854082622795,0.32912785204358486,0.33983419395902126,0.15562433464458664,0.14109805019081037,0.06373530602112985,0.16274099790854668,0.05942594896001467,0.04187320359750658,0.057793377364462335,0.07222644418273384,0.04963167582339262,0.051840151198941406,0.03255874746546213,0.08943462236644471,0.06088070118215099,0.03268193624297007,0.014231877573354465,0.07473602728243547,0.027037752105423488,0.018600557959219177,0.012974018049926579,0.04529197442268076,0.02643227456250569,0.020037023068052745,0.01842598514227147,0.024971496986782898,0.02617616455504141,0.025050481217078063,0.014904816602438024,0.012291153167080968,0.011816947480062522,0.023515488862704076,0.032215396258759375,0.017799805973100866,0.008932174264384246,0.023649618051648377,0.01564662030250915,0.005294153378206554,0.022002270905340036,0.004826447954758742,0.0017938155112472132,0.0008680639102732497,0.0012554978285133863,0.0010742626825052145,0.002067809426882735,0.0004615086522498007,0.0008543140899567813,0.00014265442467066116,0.0006006609346741887
12,0.5043951784021683,0.7604338220034305,0.5262924465660873,0.647425980022964,0.4642729505602239,0.5811507726308757,0.8285536009889193,0.6652716771822089,0.7430818891534947,0.8613813024608202,0.9686676997489455,1.0,0.836942965085723,0.8455566580336673,0.9399528367085298,0.4425442911364946,0.6423384797443252,0.3562914678655875,0.3250562623090538,0.4753398487803735,0.2905742256389241,0.17982387286325108,0.20952733770830212,0.30685769388477246,0.3170829050312566,0.14199263369009818,0.1284181157402268,0.056808604185770384,0.14849341442379327,0.052829551634610936,0.03693108792775477,0.05130921936256599,0.064473145757166,0.04385502992715335,0.04579233791143561,0.028424917836646205,0.08007532204711185,0.05395665501050776,0.0285195313033762,0.012166775933244478,0.06646989148589116,0.023454525555345274,0.01598098092133953,0.011036379973513148,0.03973178282582654,0.02286108864575773,0.017204630249179047,0.01579276770058843,0.021550101937689987,0.022628589569186227,0.021611064614380567,0.01269636940540679,0.010414516437873705,0.009999572240118387,0.020223917132378956,0.0278908192995428,0.015194803451399851,0.007490978623642133,0.02029663570982374,0.013287924825678532,0.004380269499209352,0.018840165594215467,0.003982664466863346,0.0014433332867641484,0.0006873858704412221,0.0010023787343573613,0.0008550527606950261,0.00166902693370218,0.00036046123221360535,0.0006754027132247218,0.00010852948331433028,0.0004718674443459513
13,0.38776375963095444,0.6165029035610903,0.40533161965858355,0.5120572340009835,0.3500623680932651,0.4505129153843712,0.6762798573113227,0.5229702060514569,0.5941117439039224,0.7039949786369977,0.8685632312222115,0.836942965085723,1.0,0.9904464308111428,0.8937991438197912,0.5742274960627285,0.7983718219937745,0.4743137362356328,0.43687560790316216,0.614873385326465,0.39614504893014457,0.25721434641814733,0.2956452746697139,0.41766095821248694,0.43037172092553844,0.2085600138387106,0.19021134437711396,0.09003935940012542,0.21809426670320708,0.0844220250040913,0.06046708485473518,0.08233838588823592,0.10172185026053479,0.07141166788378502,0.07464363708395971,0.047989622414389546,0.12516319889149657,0.08706953615654212,0.048215242438491276,0.021811247975654736,0.10611462710588089,0.04034697911051737,0.02825548543201559,0.02006093970454086,0.06614731820193417,0.039670346989458406,0.030475600249085178,0.0281160677459049,0.03763332758067609,0.039322081373733705,0.03777652446025062,0.022993548145742934,0.019136826050591044,0.0184400739055602,0.03566724296422704,0.0482719419352433,0.027360623531658024,0.014150137052039345,0.0360122257723999,0.02427115290997634,0.008570033282916967,0.03364084219137817,0.00784529241709588,0.0030254463388883508,0.0014958694161108213,0.0021400872677369114,0.0018386642799044259,0.0034723247632169,0.000809292742548398,0.0014753622257566918,0.0002580358125350791,0.0010457099424385885
14,0.3920853496529606,0.6230630986856468,0.40987356510567186,0.517700363754023,0.3540382226128246,0.4556044684760421,0.6834967933822211,0.5288800961919062,0.6007032802763037,0.7115772590071661,0.8773445177427459,0.8455566580336673,0.9904464308111428,1.0,0.9029080930151779,0.5642521409200807,0.788030605506457,0.46476165976661554,0.42759596206096484,0.6045089712613931,0.38709873428853137,0.2497923926192046,0.28764866571055836,0.40826286505609555,0.42084084965358215,0.20182320552831245,0.18383966238133653,0.0861063121096803,0.21107956686117624,0.08062959518936645,0.057503967926531126,0.07858809208840496,0.0973686176534944,0.06799279599321496,0.07106674736735726,0.04540047906583948,0.12002260145928498,0.08304951082343393,0.04560454292794497,0.02039431191613582,0.10142077883400409,0.038040900252654504,0.026497805661225567,0.01870784638265697,0.06276118975110656,0.03734789596818074,0.028575158439419157,0.026335181287402837,0.03538851091844584,0.037010659611937634,0.03551767029105997,0.021462844097732702,0.017808883512410754,0.017147820717627934,0.033479807778620786,0.04548637369873235,0.02557486278333503,0.013091524999049562,0.033769483659685545,0.02262296442645202,0.007865653509764283,0.03150622327912397,0.007189121405993594,0.002730087533736592,0.001336271831325626,0.0019217319753559853,0.0016478242427828177,0.0031395065226724364,0.0007166024833913817,0.001316687116378377,0.0002246059085726039,0.0009293925075204305
15,0.45453557279191503,0.7035704317797895,0.47484417958986,0.5920092418175151,0.4144976537354135,0.5263672645794543,0.7694749181116253,0.6070380297080071,0.6836246434758273,0.8008287223108932,0.9720061718433476,0.9399528367085298,0.8937991438197912,0.9029080930151779,1.0,0.4813985729356306,0.6928228060628486,0.38933897563990616,0.3557241834299313,0.5170516647181052,0.31871957626949576,0.19835731606635343,0.23082458171656828,0.3366293447160157,0.347731816631878,0.15702531580722437,0.14208443937545287,0.06297637862755226,0.164265863445203,0.058571302640399545,0.04091389375866866,0.056889606827919804,0.07149983624846552,0.04861603193698715,0.05077633620494205,0.03146278799987231,0.08885146676819079,0.05985651100216671,0.03156765488498358,0.013389033415698524,0.07378273276429034,0.025931427262415836,0.017620483803328906,0.012126826306971332,0.04404571252385361,0.02526555646963471,0.018973013113505452,0.0174046211919904,0.023804679379182105,0.02500620837782593,0.02387129124256786,0.01396241834811665,0.011429115285725005,0.010968052477014038,0.022323034466545634,0.03085457920483018,0.01672933561486489,0.008184473650880049,0.022395948333564134,0.014604179154640577,0.004751510461711926,0.020773805780851813,0.004313650830088234,0.0015374773697463151,0.0007231786505876234,0.0010614833051545694,0.0009032683856124026,0.0017819819875069766,0.00037484221284464123,0.0007096933480109481,0.0001101307704279503,0.0004931509025757347
16,0.16177511972767067,0.3005193522367777,0.16936756198539105,0.2312778455714204,0.13662027943134336,0.1905383757409611,0.33389645981494565,0.22923921365625854,0.274204255047246,0.34677190063168073,0.4687062666932963,0.4425442911364946,0.5742274960627285,0.5642521409200807,0.4813985729356306,1.0,0.7527544070080409,0.8797488884780671,0.8302952273437358,0.9427326975545104,0.7789511242036815,0.5716141282994472,0.6338950508558153,0.8149218503474086,0.8332546883481164,0.4945256555029395,0.46116832133733576,0.2605602755839195,0.5154114691957835,0.2491912423195497,0.19061462714622268,0.24542075834972787,0.2897653316502178,0.2208145076707848,0.23075824257245736,0.16282535055196634,0.3457910769036274,0.26162048422174067,0.16401325511191622,0.08668929718148377,0.30859321706049336,0.14340215169302928,0.10796215820002726,0.08236339392057407,0.2147073454364966,0.14365706281256874,0.11651982064696557,0.10900763087218304,0.13840429054755804,0.14286545470898956,0.13918457479951296,0.09316740820926045,0.08053214455843115,0.07829996895257428,0.13419073841332346,0.17222878574745493,0.10874107317982336,0.06386356249847944,0.13711604869640723,0.0998851559490998,0.042448713907021644,0.1301824644128836,0.0395499630867137,0.01798264332810661,0.009843270807377014,0.01337318514564746,0.011720213557994009,0.02022049371800175,0.005795145277659818,0.009793776724176976,0.0021548216329667557,0.007229234260519962
17,0.2634571797419153,0.4530797794942364,0.2758665592826426,0.36254690871203077,0.23039308665396285,0.3090519566991018,0.5010721409388108,0.36581024187159217,0.4263317531591604,0.521824225344419,0.6729467313477981,0.6423384797443252,0.7983718219937745,0.788030605506457,0.6928228060628486,0.7527544070080409,1.0,0.6382828839165766,0.5936599888142886,0.8028335512877465,0.5459739986153787,0.3717112622014971,0.42156414883787485,0.5744058819676423,0.5901663440081937,0.30905729057051556,0.2841324733956211,0.14310071822671958,0.3230595883792997,0.13512972413741411,0.0988581048354631,0.1322695498633699,0.16096757757480773,0.11616803809471263,0.12151094050629398,0.08047683648229655,0.19631521532653495,0.1404866070652072,0.08094245480685609,0.038369807071781614,0.16955274466589654,0.0686969515102063,0.049172084987415716,0.03566077706325063,0.10959232311161649,0.06800872617977362,0.05310507943706398,0.049187424249474546,0.06484144026331336,0.06748653471009092,0.0651367274785664,0.04075664369199371,0.03429227686720566,0.033131109447004786,0.06192833324235142,0.08255235498419201,0.04827974986579166,0.025871301525389943,0.06281580396294469,0.04329227030232226,0.016056848797895755,0.05896977082229215,0.014766381586697177,0.0059227833730289585,0.0029915981889049553,0.004234566295805131,0.0036528528621176943,0.006767101039868669,0.0016452797767394147,0.0029568605321435614,0.0005388387372938015,0.0021117284595096905
18,0.12158481246872316,0.2368889573980303,0.1272176474679903,0.17792496038581274,0.10029854411872284,0.14336909188589905,0.2636935177000975,0.17414347445116052,0.21173588494715467,0.2731817051255033,0.37989548083430613,0.3562914678655875,0.4743137362356328,0.46476165976661554,0.38933897563990616,0.8797488884780671,0.6382828839165766,1.0,0.9492878978690092,0.8203141274486359,0.897387447050144,0.6778485640815285,0.745219579982296,0.9364227033718594,0.9556177921472011,0.5950800872704942,0.5579317648161484,0.3286984645358054,0.6193289240723546,0.3157163607783524,0.24533654615300726,0.31157155986852436,0.36392012075766256,0.2826628430221323,0.29520920739279843,0.21288755643248825,0.4306438381091736,0.3323427488846915,0.21452706738915028,0.11752941736015007,0.388679718903008,0.18940931286942053,0.14498502016807355,0.11240378607329668,0.27745262233249324,0.19041034876934781,0.15637647686037037,0.1467782181785194,0.18405755780096533,0.18948987589047528,0.18514701100229158,0.1266891181986854,0.1104394877889148,0.10758708810460053,0.17927783401311748,0.22716042046074703,0.14710665727484695,0.08891980442969509,0.18355086952125943,0.13612881188392936,0.060336211271955216,0.1749000227443156,0.05643075838110539,0.02659115339142677,0.014877922839294495,0.01999121332641425,0.017596430516704543,0.029766798148917074,0.008916844363591117,0.014827330622475635,0.003421233322573986,0.01104180473849449
19,0.10830157597037515,0.21461638315275544,0.11327588506756203,0.15976910991952642,0.08857140287224739,0.1276920265860481,0.23897525168713973,0.15558306978705455,0.19028445286013473,0.24727216456070378,0.34747623082578716,0.3250562623090538,0.43687560790316216,0.42759596206096484,0.3557241834299313,0.8302952273437358,0.5936599888142886,0.9492878978690092,1.0,0.7706153279589036,0.9484327981366676,0.7258877302217608,0.7948168045802071,0.9883878690865158,0.9922576729482467,0.6415152553878174,0.6030195400064248,0.36260682957670143,0.6670971606611755,0.3490094741786235,0.27342580164917896,0.3447556568849528,0.40048475077552603,0.31405735814020463,0.3278379908259492,0.2391056751476407,0.4717776052563576,0.36771657556865955,0.24098327011833365,0.1346026304685297,0.42810016050972566,0.21384413883399744,0.16515489257143,0.12916884187139283,0.309591154165735,0.21531841391270634,0.1780212656138983,0.1674011971668362,0.2084878719564358,0.2143498867635648,0.2097437788099864,0.1452611993449842,0.12722278244032112,0.1240679768441636,0.20353565517480066,0.2560808878953559,0.1681503976140003,0.10329375972928496,0.20855880884534772,0.15620826721703945,0.07093325755319252,0.19911165300219447,0.06648957355281601,0.032019756996576464,0.018170931436220627,0.024240864533068594,0.021397825375817466,0.03574235620713073,0.011021150791970883,0.018126682726944864,0.0043222223467895985,0.013579944375432744
20,0.17402800813036856,0.32288323111172446,0.18226144362740082,0.2488368895815236,0.1470308564658582,0.20518901774059073,0.35896280931323044,0.24699294650478876,0.29529686108780795,0.373101446758928,0.5030141089845308,0.4753398487803735,0.614873385326465,0.6045089712613931,0.5170516647181052,0.9427326975545104,0.8028335512877465,0.8203141274486359,0.7706153279589036,1.0,0.7185906386727818,0.514046942995124,0.5746465859637451,0.7535720636408888,0.7717964692390945,0.4386196979274708,0.4068260041175732,0.21958087204116095,0.45789208066527654,0.2089493713638635,0.15674167948106005,0.20530375761144903,0.24552717220540654,0.18287710844488536,0.19129568225231852,0.13123895488821813,0.2959549770617891,0.2187868055372052,0.13213348973748254,0.06634540191032195,0.26078537680380853,0.1140120690982678,0.08382362783097258,0.06241244952442673,0.17581980403984587,0.11368786124843382,0.09057621399327202,0.0843214935182956,0.10902651625256705,0.11295605322316457,0.10960239025605953,0.07100948364235002,0.060574470539661994,0.058715390324778925,0.10503174576940827,0.13730379720702474,0.08355210130296595,0.04687254818046352,0.10703707651023102,0.07589610765019117,0.0300595772714,0.1010905880828307,0.027814733458611306,0.01179874329985195,0.006159777485385415,0.008574817534088763,0.007444228574411893,0.01338982043396059,0.003479395067131222,0.006106559724045152,0.0011942887510350507,0.004416779893773136
21,0.09316806872074006,0.1897439925986777,0.09738990581626068,0.1392774501385877,0.07509929648457571,0.10984318456410651,0.21140799954455036,0.13453344664269556,0.16612113228001735,0.2183525210875964,0.3118123651967897,0.2905742256389241,0.39614504893014457,0.38709873428853137,0.31871957626949576,0.7789511242036815,0.5459739986153787,0.897387447050144,0.9484327981366676,0.7185906386727818,1.0,0.7728927138989428,0.8438572116744422,0.958824289424967,0.9391701611116295,0.6863011512811288,0.6462106012035911,0.393392421522865,0.7133546475240773,0.3790970499088323,0.29821847276247226,0.3746900074923357,0.4339748289998594,0.34208619662725104,0.3570581651335749,0.2618404569300645,0.5100455361782945,0.3997540906990953,0.2639284009065024,0.148571124269023,0.4643383303191698,0.234751598492295,0.18196076106158277,0.14277480886092106,0.3381063409741776,0.2365846021833128,0.19613555199474952,0.1845581383834234,0.22925740496671487,0.23555908918754276,0.230657519253886,0.16047041891004077,0.1407708064621045,0.13733090642217954,0.22405913725052284,0.2811142618287301,0.18559240476249772,0.11460824135883735,0.22971457535868633,0.1726802228858192,0.07894460331081422,0.21948216128753573,0.07403713273038752,0.03577912915745061,0.020321408182922586,0.027101198248396654,0.023925593128619606,0.03992742857432976,0.012324837035286822,0.0202744435313171,0.004824759271583671,0.015187831085190458
22,0.051377424834097976,0.11399395742184042,0.05352503140390134,0.07989769991030085,0.039468300148757164,0.06028893802936382,0.12684581135407358,0.07486114797964942,0.09530077096117728,0.1298823645204015,0.19557825468573675,0.17982387286325108,0.25721434641814733,0.2497923926192046,0.19835731606635343,0.5716141282994472,0.3717112622014971,0.6778485640815285,0.7258877302217608,0.514046942995124,0.7728927138989428,1.0,0.9260700111337721,0.7301319514665814,0.7109982838026507,0.9114552707083027,0.8673148106133985,0.5736185067921511,0.9434676487326799,0.5571969095427138,0.45315896077184425,0.552663662592554,0.6260184011131982,0.5128048888114398,0.5338204301339255,0.4097220045306428,0.7213724441762219,0.5885497869092806,0.4131343085435615,0.2512617254489842,0.6704885479091368,0.3747819455241721,0.30100956292009795,0.24446908601306072,0.5144177754004828,0.3797296685169228,0.32332617698332156,0.3065147012069329,0.3703530430836879,0.3785553448379507,0.37270180554424415,0.2721297358073288,0.24314764352500018,0.2381714650550707,0.3649557719434797,0.4447785240856217,0.310577423812354,0.20444327237936089,0.3750302799869587,0.29325155862224306,0.14757562020113454,0.36102956218259885,0.13959282083749702,0.07336865403809403,0.044006465577710645,0.05709175712862306,0.05096114702758482,0.08098067858331737,0.02792840019905509,0.04405338859689729,0.011864683110616772,0.03377439804651504
23,0.06173996608124867,0.13380132426657335,0.06439453540260845,0.09500626841981256,0.04807796270334242,0.07259053503917773,0.14901271048771061,0.08983171502547542,0.11339836466444432,0.1530136427411446,0.22699854082622795,0.20952733770830212,0.2956452746697139,0.28764866571055836,0.23082458171656828,0.6338950508558153,0.42156414883787485,0.745219579982296,0.7948168045802071,0.5746465859637451,0.8438572116744422,0.9260700111337721,1.0,0.8010091322654724,0.7814485729247507,0.8369487958722787,0.7935798019876861,0.5101426676162047,0.8677025352493967,0.4942135439116191,0.39719470326316675,0.48962909998341997,0.5589690106408234,0.45178670499712537,0.4708355675097735,0.3555554183284826,0.6487676256946824,0.5219786553795216,0.3584964799096877,0.211962421182759,0.5988548509188958,0.32295769720412226,0.25605455816806055,0.20535028750035644,0.4511270110459681,0.3266881037773901,0.2754743876988849,0.26042813859964364,0.3179049066025663,0.32554027459192725,0.31991070491194773,0.22946152932743158,0.20363929095706768,0.19917690616259387,0.3124063896069893,0.3848476682947829,0.2632460001745265,0.16920830955239607,0.32085263135587716,0.24726880000967177,0.11998757597374284,0.30804119773693095,0.1131277012037861,0.05753946551717176,0.03375864155132618,0.04429037295762074,0.03935654552075407,0.06378901725341814,0.021027765973800645,0.033751997298674674,0.00863088022034779,0.025628154696731905
24,0.09836230929010743,0.2003013650621558,0.10284254189793542,0.14711371299549922,0.0792726175974725,0.11604968359288545,0.2232890130143188,0.1422099173403032,0.17559833426156002,0.23075524027923378,0.32912785204358486,0.30685769388477246,0.41766095821248694,0.40826286505609555,0.3366293447160157,0.8149218503474086,0.5744058819676423,0.9364227033718594,0.9883878690865158,0.7535720636408888,0.958824289424967,0.7301319514665814,0.8010091322654724,1.0,0.9801020567588625,0.6432944777110321,0.6037349015625089,0.3575273167908557,0.6695306295475094,0.3435611816089088,0.2669897268976593,0.3391388922633043,0.39590908087077914,0.3078104677988589,0.32159787497244463,0.23180001460681554,0.4684945191715396,0.3620683591573032,0.2336148999909018,0.12739566205983885,0.4234796419866629,0.2061699205139823,0.15749212713930605,0.12175845246026908,0.3025476704766815,0.20732516959991654,0.1699997674947057,0.15946634055125108,0.20037502797380202,0.20632145644663813,0.2015779577009984,0.13741768329314183,0.11957920920506539,0.11644537131931376,0.19516184552535298,0.24775273312682078,0.1598315660226164,0.09593741025254601,0.1998876229590577,0.1477634205495011,0.06463028238435492,0.19038478670239256,0.0603575771286904,0.02792871455148668,0.015389417859824233,0.020845303864690794,0.018290157034826844,0.03135089552223742,0.009088986799153253,0.015322768949163838,0.003380402092022888,0.011326172932131708
25,0.10227008528874053,0.20732330563890666,0.10694664602620149,0.15264900628527772,0.08261715801181747,0.12068952624353407,0.23113166586153266,0.14779362435307197,0.18220490771060527,0.23897236683369416,0.33983419395902126,0.3170829050312566,0.43037172092553844,0.42084084965358215,0.347731816631878,0.8332546883481164,0.5901663440081937,0.9556177921472011,0.9922576729482467,0.7717964692390945,0.9391701611116295,0.7109982838026507,0.7814485729247507,0.9801020567588625,1.0,0.6245443448600755,0.5854320448257019,0.3432901483844496,0.6502882616769634,0.3295440350998118,0.25504821732057437,0.3251504512752267,0.38061018955533754,0.2945085435499031,0.30778027326808366,0.22056126518662478,0.45140725206485655,0.3471582830927573,0.22227160595966478,0.11997194061850643,0.4069708968357799,0.19564430769210817,0.14874592971581158,0.11445143564035326,0.28885829960431675,0.1965767554819865,0.16061248986088095,0.15051219474986177,0.18981689827881554,0.19559034404561548,0.190946134573016,0.12932756179186805,0.1122510486068466,0.10924538800708966,0.18465585490937597,0.2352971334642302,0.15067515649505983,0.08963847365505881,0.18904475377081043,0.13900311500648127,0.05997664976053805,0.1798716522988546,0.05593943389165019,0.02555277247450118,0.01395878636424181,0.018991421766354995,0.016634607397309483,0.028732739988903938,0.00818275152010148,0.013889608099365378,0.0030006258614019414,0.010228834912352831
26,0.03806318575131771,0.08870559575240075,0.03955391642563912,0.06053139850538574,0.028373902656074677,0.04446966620668664,0.0985323089616126,0.05561953666678814,0.0720904492469297,0.10030452771884996,0.15562433464458664,0.14199263369009818,0.2085600138387106,0.20182320552831245,0.15702531580722437,0.4945256555029395,0.30905729057051556,0.5950800872704942,0.6415152553878174,0.4386196979274708,0.6863011512811288,0.9114552707083027,0.8369487958722787,0.6432944777110321,0.6245443448600755,1.0,0.9545616554958375,0.6461779990632439,0.9661893586147519,0.6290115022594054,0.5159333411497142,0.6244788876782955,0.7031950531963899,0.5818828838638465,0.6053367679104182,0.4698976444099273,0.8059472415337694,0.6647492633737206,0.473861172034842,0.2932074459715781,0.7533948124512755,0.4318916271081621,0.34965467846409115,0.2860505732342181,0.5859961360956448,0.4381806442122289,0.37534204930001636,0.3563960183141843,0.4280078406749003,0.4369555599155537,0.4307537351858415,0.3178285296063402,0.28504849840905233,0.27944556474540905,0.4225981386430129,0.5116191932771184,0.361771581352897,0.24120126512933526,0.434538296891555,0.3426869127588168,0.17554583940782786,0.419026500532246,0.16628577035680214,0.08843959474092583,0.05334526776581278,0.06902318782305439,0.06167752175361408,0.09748692386729248,0.033973860372298714,0.05342501535448833,0.014485080198286308,0.04103086759268726
27,0.03381304441646995,0.07994025483454394,0.03510464890703363,0.05410709041465903,0.024981683286672857,0.039430643415015544,0.08870749844091105,0.04940229505834032,0.06436949067574016,0.09010818012534243,0.14109805019081037,0.1284181157402268,0.19021134437711396,0.18383966238133653,0.14208443937545287,0.46116832133733576,0.2841324733956211,0.5579317648161484,0.6030195400064248,0.4068260041175732,0.6462106012035911,0.8673148106133985,0.7935798019876861,0.6037349015625089,0.5854320448257019,0.9545616554958375,1.0,0.688197584901633,0.920322116776298,0.6709143638951558,0.5541977728496038,0.6664900166633078,0.7470552428462508,0.6230190470912913,0.6476141695324665,0.5075588838051169,0.852406481896764,0.7088204161165944,0.5118329374383412,0.32205993819158063,0.7998885373363249,0.4683830406554381,0.3821124584298421,0.3149391788749144,0.6288426948376273,0.47556664470928134,0.4097165830276218,0.3896873181940318,0.4651171286300917,0.4743463571555009,0.4680937232676373,0.34907292259595035,0.3143277727359477,0.3084141689532536,0.45992017234398064,0.553191137696571,0.39603214522774655,0.26782281216729587,0.4729803433691835,0.37625155208621164,0.1970070920128002,0.4568149356462805,0.1869765644959851,0.10142618673658897,0.06200656461591496,0.07968457175450493,0.07140145495369153,0.11150326752115107,0.03994279311989315,0.0621429832394514,0.017390913853358166,0.04801120270084592
